x	Ec	Ev	Ef	n	p
0.000000	2.500000	-3.223500	0.000000	2.203555e-006	1.660711e-035
5.000000	2.393053	-3.330447	0.000000	1.161545e-006	2.715779e-037
10.000000	2.289273	-3.434227	0.000000	2.364340e-006	5.016436e-039
15.000000	2.188660	-3.534840	0.000000	4.511698e-006	1.046595e-040
20.000000	2.091211	-3.632289	0.000000	1.604262e-006	2.466195e-042
25.000000	1.996926	-3.726574	0.000000	1.800125e-006	6.563324e-044
30.000000	1.905803	-3.817697	0.000000	4.346596e-006	1.972654e-045
35.000000	1.817843	-3.905657	0.000000	1.011704e-005	6.695643e-047
40.000000	1.733043	-3.990457	0.000000	2.871438e-005	2.566442e-048
45.000000	1.651404	-4.072096	0.000000	3.560828e-005	1.110843e-049
50.000000	1.572923	-4.150577	0.000000	2.348471e-005	5.429267e-051
55.000000	1.497601	-4.225899	0.000000	2.879813e-004	2.996279e-052
60.000000	1.425436	-4.298064	0.000000	2.898754e-003	1.867077e-053
65.000000	1.356427	-4.367073	0.000000	2.699163e-002	1.313615e-054
70.000000	1.290574	-4.432926	0.000000	2.246928e-001	1.043489e-055
75.000000	1.227877	-4.495623	0.000000	1.663429e+000	9.358584e-057
80.000000	1.168334	-4.555166	0.000000	1.094372e+001	9.475991e-058
85.000000	1.111944	-4.611556	0.000000	6.399458e+001	1.083233e-058
90.000000	1.058709	-4.664791	0.000000	3.329476e+002	1.397957e-059
95.000000	1.008626	-4.714874	0.000000	1.544308e+003	2.036729e-060
100.000000	0.961696	-4.761804	0.000000	6.405231e+003	3.349913e-061
105.000000	0.917919	-4.805581	0.000000	2.384934e+004	6.219991e-062
110.000000	0.877293	-4.846207	0.000000	8.006834e+004	1.303761e-062
115.000000	0.839820	-4.883680	0.000000	2.434015e+005	3.085003e-063
120.000000	0.805498	-4.918002	0.000000	6.722699e+005	8.240637e-064
125.000000	0.774329	-4.949171	0.000000	1.690690e+006	2.484923e-064
130.000000	0.746311	-4.977189	0.000000	3.875200e+006	8.458882e-065
135.000000	0.721445	-5.002055	0.000000	8.096232e+006	3.250593e-065
140.000000	0.699731	-5.023769	0.000000	1.541471e+007	1.410149e-065
145.000000	0.681170	-5.042330	0.000000	2.673984e+007	6.905960e-066
150.000000	0.665761	-5.057739	0.000000	4.225735e+007	3.818082e-066
155.000000	0.653506	-5.069994	0.000000	6.083214e+007	2.383060e-066
160.000000	0.644404	-5.079096	0.000000	7.976587e+007	1.679193e-066
165.000000	0.638456	-5.085044	0.000000	9.526258e+007	1.335829e-066
170.000000	0.635663	-5.087837	0.000000	1.036164e+008	1.199762e-066
175.000000	0.636025	-5.087475	0.000000	1.026418e+008	1.216589e-066
180.000000	0.639543	-5.083957	0.000000	9.263723e+007	1.392863e-066
185.000000	0.646218	-5.077282	0.000000	7.689299e+007	1.800533e-066
190.000000	0.656050	-5.067450	0.000000	6.799386e+007	2.628060e-066
190.100000	0.656247	-5.067253	0.000000	6.835945e+007	2.648012e-066
190.200000	0.656444	-5.067056	0.000000	6.876636e+007	2.668115e-066
190.300000	0.656640	-5.066860	0.000000	6.921682e+007	2.688371e-066
190.400000	0.656837	-5.066663	0.000000	6.971318e+007	2.708781e-066
190.500000	0.657034	-5.066466	0.000000	7.025789e+007	2.729346e-066
190.600000	0.657230	-5.066270	0.000000	7.085358e+007	2.750067e-066
190.700000	0.657427	-5.066073	0.000000	7.150299e+007	2.770946e-066
190.800000	0.657624	-5.065876	0.000000	7.220902e+007	2.791982e-066
190.900000	0.657820	-5.065680	0.000000	7.297473e+007	2.813179e-066
191.000000	0.658017	-5.065483	0.000000	7.380335e+007	2.834536e-066
191.100000	0.658214	-5.065286	0.000000	7.469827e+007	2.856056e-066
191.200000	0.658410	-5.065090	0.000000	7.566310e+007	2.877739e-066
191.300000	0.658607	-5.064893	0.000000	7.670161e+007	2.899587e-066
191.400000	0.658803	-5.064697	0.000000	7.781780e+007	2.921600e-066
191.500000	0.659000	-5.064500	0.000000	7.901588e+007	2.943781e-066
191.600000	0.659197	-5.064303	0.000000	8.030029e+007	2.966130e-066
191.700000	0.659393	-5.064107	0.000000	8.167572e+007	2.988648e-066
191.800000	0.659590	-5.063910	0.000000	8.314712e+007	3.011338e-066
191.900000	0.659787	-5.063713	0.000000	8.471968e+007	3.034200e-066
192.000000	0.659983	-5.063517	0.000000	8.639892e+007	3.057235e-066
192.100000	0.660180	-5.063320	0.000000	8.819064e+007	3.080446e-066
192.200000	0.660377	-5.063123	0.000000	9.010094e+007	3.103832e-066
192.300000	0.660573	-5.062927	0.000000	9.213630e+007	3.127396e-066
192.400000	0.660770	-5.062730	0.000000	9.430351e+007	3.151139e-066
192.500000	0.660967	-5.062533	0.000000	9.660975e+007	3.175062e-066
192.600000	0.661163	-5.062337	0.000000	9.906261e+007	3.199167e-066
192.700000	0.661360	-5.062140	0.000000	1.016701e+008	3.223455e-066
192.800000	0.661556	-5.061944	0.000000	1.044406e+008	3.247927e-066
192.900000	0.661753	-5.061747	0.000000	1.073830e+008	3.272585e-066
193.000000	0.661950	-5.061550	0.000000	1.105067e+008	3.297431e-066
193.100000	0.662146	-5.061354	0.000000	1.138217e+008	3.322465e-066
193.200000	0.662343	-5.061157	0.000000	1.173383e+008	3.347688e-066
193.300000	0.662540	-5.060960	0.000000	1.210676e+008	3.373104e-066
193.400000	0.662736	-5.060764	0.000000	1.250211e+008	3.398712e-066
193.500000	0.662933	-5.060567	0.000000	1.292113e+008	3.424515e-066
193.600000	0.663130	-5.060370	0.000000	1.336509e+008	3.450514e-066
193.700000	0.663326	-5.060174	0.000000	1.383537e+008	3.476710e-066
193.800000	0.663523	-5.059977	0.000000	1.433340e+008	3.503105e-066
193.900000	0.663720	-5.059780	0.000000	1.486070e+008	3.529700e-066
194.000000	0.663916	-5.059584	0.000000	1.541888e+008	3.556497e-066
194.100000	0.664113	-5.059387	0.000000	1.600964e+008	3.583498e-066
194.200000	0.664309	-5.059191	0.000000	1.663474e+008	3.610704e-066
194.300000	0.664506	-5.058994	0.000000	1.729608e+008	3.638116e-066
194.400000	0.664703	-5.058797	0.000000	1.799565e+008	3.665736e-066
194.500000	0.664899	-5.058601	0.000000	1.873554e+008	3.693566e-066
194.600000	0.665096	-5.058404	0.000000	1.951796e+008	3.721608e-066
194.700000	0.665293	-5.058207	0.000000	2.034524e+008	3.749862e-066
194.800000	0.665489	-5.058011	0.000000	2.121986e+008	3.778331e-066
194.900000	0.665686	-5.057814	0.000000	2.214441e+008	3.807015e-066
195.000000	0.665883	-5.057617	0.000000	2.312163e+008	3.835918e-066
195.100000	0.666079	-5.057421	0.000000	2.415442e+008	3.865040e-066
195.200000	0.666276	-5.057224	0.000000	2.524583e+008	3.894383e-066
195.300000	0.666473	-5.057027	0.000000	2.639909e+008	3.923949e-066
195.400000	0.666669	-5.056831	0.000000	2.761759e+008	3.953739e-066
195.500000	0.666866	-5.056634	0.000000	2.890494e+008	3.983756e-066
195.600000	0.667063	-5.056437	0.000000	3.026490e+008	4.014000e-066
195.700000	0.667259	-5.056241	0.000000	3.170149e+008	4.044474e-066
195.800000	0.667456	-5.056044	0.000000	3.321892e+008	4.075180e-066
195.900000	0.667652	-5.055848	0.000000	3.482165e+008	4.106118e-066
196.000000	0.667849	-5.055651	0.000000	3.651437e+008	4.137292e-066
196.100000	0.668046	-5.055454	0.000000	3.830204e+008	4.168702e-066
196.200000	0.668242	-5.055258	0.000000	4.018990e+008	4.200350e-066
196.300000	0.668439	-5.055061	0.000000	4.218346e+008	4.232239e-066
196.400000	0.668636	-5.054864	0.000000	4.428857e+008	4.264370e-066
196.500000	0.668832	-5.054668	0.000000	4.651137e+008	4.296745e-066
196.600000	0.669029	-5.054471	0.000000	4.885836e+008	4.329365e-066
196.700000	0.669226	-5.054274	0.000000	5.133638e+008	4.362233e-066
196.800000	0.669422	-5.054078	0.000000	5.395268e+008	4.395351e-066
196.900000	0.669619	-5.053881	0.000000	5.671489e+008	4.428720e-066
197.000000	0.669816	-5.053684	0.000000	5.963108e+008	4.462343e-066
197.100000	0.670012	-5.053488	0.000000	6.270973e+008	4.496221e-066
197.200000	0.670209	-5.053291	0.000000	6.595984e+008	4.530356e-066
197.300000	0.670405	-5.053095	0.000000	6.939088e+008	4.564750e-066
197.400000	0.670602	-5.052898	0.000000	7.301285e+008	4.599405e-066
197.500000	0.670799	-5.052701	0.000000	7.683632e+008	4.634324e-066
197.600000	0.670995	-5.052505	0.000000	8.087242e+008	4.669507e-066
197.700000	0.671192	-5.052308	0.000000	8.513292e+008	4.704958e-066
197.800000	0.671389	-5.052111	0.000000	8.963023e+008	4.740677e-066
197.900000	0.671585	-5.051915	0.000000	9.437748e+008	4.776668e-066
198.000000	0.671782	-5.051718	0.000000	9.938849e+008	4.812932e-066
198.100000	0.671979	-5.051521	0.000000	1.046779e+009	4.849472e-066
198.200000	0.672175	-5.051325	0.000000	1.102610e+009	4.886289e-066
198.300000	0.672372	-5.051128	0.000000	1.161543e+009	4.923385e-066
198.400000	0.672569	-5.050931	0.000000	1.223747e+009	4.960763e-066
198.500000	0.672765	-5.050735	0.000000	1.289406e+009	4.998425e-066
198.600000	0.672962	-5.050538	0.000000	1.358710e+009	5.036373e-066
198.700000	0.673159	-5.050341	0.000000	1.431861e+009	5.074609e-066
198.800000	0.673355	-5.050145	0.000000	1.509073e+009	5.113135e-066
198.900000	0.673552	-5.049948	0.000000	1.590571e+009	5.151953e-066
199.000000	0.673748	-5.049752	0.000000	1.676593e+009	5.191066e-066
199.100000	0.673945	-5.049555	0.000000	1.767390e+009	5.230477e-066
199.200000	0.674142	-5.049358	0.000000	1.863227e+009	5.270186e-066
199.300000	0.674338	-5.049162	0.000000	1.964384e+009	5.310197e-066
199.400000	0.674535	-5.048965	0.000000	2.071156e+009	5.350512e-066
199.500000	0.674732	-5.048768	0.000000	2.183856e+009	5.391132e-066
199.600000	0.674928	-5.048572	0.000000	2.302812e+009	5.432062e-066
199.700000	0.675125	-5.048375	0.000000	2.428371e+009	5.473301e-066
199.800000	0.675322	-5.048178	0.000000	2.560903e+009	5.514854e-066
199.900000	0.675518	-5.047982	0.000000	2.700792e+009	5.556723e-066
200.000000	0.675715	-5.047785	0.000000	2.848450e+009	5.598909e-066
200.100000	0.675912	-5.047588	0.000000	3.004307e+009	5.641416e-066
200.200000	0.676108	-5.047392	0.000000	3.168821e+009	5.684245e-066
200.300000	0.676305	-5.047195	0.000000	3.342472e+009	5.727399e-066
200.400000	0.676501	-5.046999	0.000000	3.525769e+009	5.770881e-066
200.500000	0.676698	-5.046802	0.000000	3.719249e+009	5.814693e-066
200.600000	0.676895	-5.046605	0.000000	3.923478e+009	5.858838e-066
200.700000	0.677091	-5.046409	0.000000	4.139056e+009	5.903318e-066
200.800000	0.677288	-5.046212	0.000000	4.366615e+009	5.948136e-066
200.900000	0.677485	-5.046015	0.000000	4.606821e+009	5.993294e-066
201.000000	0.677681	-5.045819	0.000000	4.860379e+009	6.038794e-066
201.100000	0.677878	-5.045622	0.000000	5.128034e+009	6.084640e-066
201.200000	0.678075	-5.045425	0.000000	5.410570e+009	6.130835e-066
201.300000	0.678271	-5.045229	0.000000	5.708819e+009	6.177379e-066
201.400000	0.678468	-5.045032	0.000000	6.023655e+009	6.224278e-066
201.500000	0.678665	-5.044835	0.000000	6.356003e+009	6.271532e-066
201.600000	0.678861	-5.044639	0.000000	6.706841e+009	6.319145e-066
201.700000	0.679058	-5.044442	0.000000	7.077201e+009	6.367120e-066
201.800000	0.679254	-5.044246	0.000000	7.468171e+009	6.415458e-066
201.900000	0.679451	-5.044049	0.000000	7.880901e+009	6.464164e-066
202.000000	0.679648	-5.043852	0.000000	8.316606e+009	6.513240e-066
202.100000	0.679844	-5.043656	0.000000	8.776570e+009	6.562688e-066
202.200000	0.680041	-5.043459	0.000000	9.262147e+009	6.612511e-066
202.300000	0.680238	-5.043262	0.000000	9.774766e+009	6.662713e-066
202.400000	0.680434	-5.043066	0.000000	1.031594e+010	6.713296e-066
202.500000	0.680631	-5.042869	0.000000	1.088726e+010	6.764263e-066
202.600000	0.680828	-5.042672	0.000000	1.149042e+010	6.815616e-066
202.700000	0.681024	-5.042476	0.000000	1.212719e+010	6.867360e-066
202.800000	0.681221	-5.042279	0.000000	1.279945e+010	6.919497e-066
202.900000	0.681418	-5.042082	0.000000	1.350920e+010	6.972029e-066
203.000000	0.681614	-5.041886	0.000000	1.425851e+010	7.024960e-066
203.100000	0.681811	-5.041689	0.000000	1.504961e+010	7.078293e-066
203.200000	0.682008	-5.041492	0.000000	1.588484e+010	7.132031e-066
203.300000	0.682204	-5.041296	0.000000	1.676666e+010	7.186177e-066
203.400000	0.682401	-5.041099	0.000000	1.769768e+010	7.240734e-066
203.500000	0.682597	-5.040903	0.000000	1.868066e+010	7.295705e-066
203.600000	0.682794	-5.040706	0.000000	1.971850e+010	7.351094e-066
203.700000	0.682991	-5.040509	0.000000	2.081428e+010	7.406903e-066
203.800000	0.683187	-5.040313	0.000000	2.197124e+010	7.463135e-066
203.900000	0.683384	-5.040116	0.000000	2.319281e+010	7.519795e-066
204.000000	0.683581	-5.039919	0.000000	2.448260e+010	7.576885e-066
204.100000	0.683777	-5.039723	0.000000	2.584445e+010	7.634408e-066
204.200000	0.683974	-5.039526	0.000000	2.728240e+010	7.692368e-066
204.300000	0.684171	-5.039329	0.000000	2.880069e+010	7.750768e-066
204.400000	0.684367	-5.039133	0.000000	3.040385e+010	7.809611e-066
204.500000	0.684564	-5.038936	0.000000	3.209663e+010	7.868901e-066
204.600000	0.684761	-5.038739	0.000000	3.388406e+010	7.928641e-066
204.700000	0.684957	-5.038543	0.000000	3.577144e+010	7.988835e-066
204.800000	0.685154	-5.038346	0.000000	3.776439e+010	8.049486e-066
204.900000	0.685350	-5.038150	0.000000	3.986883e+010	8.110597e-066
205.000000	0.685547	-5.037953	0.000000	4.209101e+010	8.172172e-066
205.100000	0.685744	-5.037756	0.000000	4.443756e+010	8.234215e-066
205.200000	0.685940	-5.037560	0.000000	4.691544e+010	8.296728e-066
205.300000	0.686137	-5.037363	0.000000	4.953203e+010	8.359717e-066
205.400000	0.686334	-5.037166	0.000000	5.229513e+010	8.423183e-066
205.500000	0.686530	-5.036970	0.000000	5.521297e+010	8.487131e-066
205.600000	0.686727	-5.036773	0.000000	5.829424e+010	8.551565e-066
205.700000	0.686924	-5.036576	0.000000	6.154813e+010	8.616488e-066
205.800000	0.687120	-5.036380	0.000000	6.498433e+010	8.681904e-066
205.900000	0.687317	-5.036183	0.000000	6.861309e+010	8.747816e-066
206.000000	0.687514	-5.035986	0.000000	7.244525e+010	8.814229e-066
206.100000	0.687710	-5.035790	0.000000	7.649224e+010	8.881146e-066
206.200000	0.687907	-5.035593	0.000000	8.076615e+010	8.948571e-066
206.300000	0.688104	-5.035396	0.000000	8.527974e+010	9.016508e-066
206.400000	0.688300	-5.035200	0.000000	9.004649e+010	9.084961e-066
206.500000	0.688497	-5.035003	0.000000	9.508065e+010	9.153933e-066
206.600000	0.688693	-5.034807	0.000000	1.003973e+011	9.223429e-066
206.700000	0.688890	-5.034610	0.000000	1.060123e+011	9.293453e-066
206.800000	0.689087	-5.034413	0.000000	1.119424e+011	9.364008e-066
206.900000	0.689283	-5.034217	0.000000	1.182055e+011	9.435099e-066
207.000000	0.689480	-5.034020	0.000000	1.248202e+011	9.506730e-066
207.100000	0.689677	-5.033823	0.000000	1.318064e+011	9.578904e-066
207.200000	0.689873	-5.033627	0.000000	1.391850e+011	9.651627e-066
207.300000	0.690070	-5.033430	0.000000	1.469781e+011	9.724901e-066
207.400000	0.690267	-5.033233	0.000000	1.552090e+011	9.798732e-066
207.500000	0.690463	-5.033037	0.000000	1.639026e+011	9.873123e-066
207.600000	0.690660	-5.032840	0.000000	1.730847e+011	9.948079e-066
207.700000	0.690857	-5.032643	0.000000	1.827831e+011	1.002360e-065
207.800000	0.691053	-5.032447	0.000000	1.930267e+011	1.009970e-065
207.900000	0.691250	-5.032250	0.000000	2.038464e+011	1.017638e-065
208.000000	0.691446	-5.032054	0.000000	2.152747e+011	1.025364e-065
208.100000	0.691643	-5.031857	0.000000	2.273459e+011	1.033148e-065
208.200000	0.691840	-5.031660	0.000000	2.400962e+011	1.040992e-065
208.300000	0.692036	-5.031464	0.000000	2.535641e+011	1.048895e-065
208.400000	0.692233	-5.031267	0.000000	2.677900e+011	1.056858e-065
208.500000	0.692430	-5.031070	0.000000	2.828167e+011	1.064882e-065
208.600000	0.692626	-5.030874	0.000000	2.986894e+011	1.072966e-065
208.700000	0.692823	-5.030677	0.000000	3.154560e+011	1.081112e-065
208.800000	0.693020	-5.030480	0.000000	3.331669e+011	1.089320e-065
208.900000	0.693216	-5.030284	0.000000	3.518755e+011	1.097590e-065
209.000000	0.693413	-5.030087	0.000000	3.716382e+011	1.105923e-065
209.100000	0.693610	-5.029890	0.000000	3.925145e+011	1.114319e-065
209.200000	0.693806	-5.029694	0.000000	4.145674e+011	1.122779e-065
209.300000	0.694003	-5.029497	0.000000	4.378634e+011	1.131303e-065
209.400000	0.694199	-5.029301	0.000000	4.624728e+011	1.139891e-065
209.500000	0.694396	-5.029104	0.000000	4.884700e+011	1.148545e-065
209.600000	0.694593	-5.028907	0.000000	5.159333e+011	1.157265e-065
209.700000	0.694789	-5.028711	0.000000	5.449457e+011	1.166051e-065
209.800000	0.694986	-5.028514	0.000000	5.755949e+011	1.174904e-065
209.900000	0.695183	-5.028317	0.000000	6.079736e+011	1.183823e-065
210.000000	1.065039	-5.214961	0.000000	6.942482e+011	9.029520e-069
210.100000	1.062834	-5.217166	0.000000	7.370828e+011	8.295142e-069
210.200000	1.060628	-5.219372	0.000000	7.830211e+011	7.620491e-069
210.300000	1.058423	-5.221577	0.000000	8.322800e+011	7.000711e-069
210.400000	1.056217	-5.223783	0.000000	8.850917e+011	6.431337e-069
210.500000	1.054012	-5.225988	0.000000	9.417046e+011	5.908272e-069
210.600000	1.051806	-5.228194	0.000000	1.002384e+012	5.427747e-069
210.700000	1.049600	-5.230400	0.000000	1.067415e+012	4.986304e-069
210.800000	1.047395	-5.232605	0.000000	1.137102e+012	4.580764e-069
210.900000	1.045189	-5.234811	0.000000	1.211770e+012	4.208207e-069
211.000000	1.042984	-5.237016	0.000000	1.291767e+012	3.865950e-069
211.100000	1.040778	-5.239222	0.000000	1.377464e+012	3.551530e-069
211.200000	1.038573	-5.241427	0.000000	1.469261e+012	3.262681e-069
211.300000	1.036367	-5.243633	0.000000	1.567583e+012	2.997324e-069
211.400000	1.034162	-5.245838	0.000000	1.672884e+012	2.753550e-069
211.500000	1.031956	-5.248044	0.000000	1.785650e+012	2.529601e-069
211.600000	1.029750	-5.250250	0.000000	1.906401e+012	2.323867e-069
211.700000	1.027545	-5.252455	0.000000	2.035694e+012	2.134865e-069
211.800000	1.025339	-5.254661	0.000000	2.174120e+012	1.961235e-069
211.900000	1.023134	-5.256866	0.000000	2.322314e+012	1.801726e-069
212.000000	1.020928	-5.259072	0.000000	2.480955e+012	1.655190e-069
212.100000	1.018723	-5.261277	0.000000	2.650766e+012	1.520572e-069
212.200000	1.016517	-5.263483	0.000000	2.832520e+012	1.396903e-069
212.300000	1.014312	-5.265688	0.000000	3.027044e+012	1.283292e-069
212.400000	1.012106	-5.267894	0.000000	3.235220e+012	1.178921e-069
212.500000	1.009900	-5.270100	0.000000	3.457991e+012	1.083038e-069
212.600000	1.007695	-5.272305	0.000000	3.696364e+012	9.949537e-070
212.700000	1.005489	-5.274511	0.000000	3.951414e+012	9.140333e-070
212.800000	1.003284	-5.276716	0.000000	4.224288e+012	8.396943e-070
212.900000	1.001078	-5.278922	0.000000	4.516213e+012	7.714013e-070
213.000000	0.998873	-5.281127	0.000000	4.828498e+012	7.086626e-070
213.100000	0.996667	-5.283333	0.000000	5.162538e+012	6.510265e-070
213.200000	0.994462	-5.285538	0.000000	5.519826e+012	5.980780e-070
213.300000	0.992256	-5.287744	0.000000	5.901955e+012	5.494358e-070
213.400000	0.990050	-5.289950	0.000000	6.310622e+012	5.047498e-070
213.500000	0.987845	-5.292155	0.000000	6.747642e+012	4.636981e-070
213.600000	0.985639	-5.294361	0.000000	7.214951e+012	4.259852e-070
213.700000	0.983434	-5.296566	0.000000	7.714612e+012	3.913395e-070
213.800000	0.981228	-5.298772	0.000000	8.248832e+012	3.595115e-070
213.900000	0.979023	-5.300977	0.000000	8.819959e+012	3.302722e-070
214.000000	0.976817	-5.303183	0.000000	9.430505e+012	3.034109e-070
214.100000	0.974611	-5.305389	0.000000	1.008314e+013	2.787342e-070
214.200000	0.972406	-5.307594	0.000000	1.078073e+013	2.560645e-070
214.300000	0.970200	-5.309800	0.000000	1.152631e+013	2.352386e-070
214.400000	0.967995	-5.312005	0.000000	1.232313e+013	2.161065e-070
214.500000	0.965789	-5.314211	0.000000	1.317466e+013	1.985304e-070
214.600000	0.963584	-5.316416	0.000000	1.408458e+013	1.823837e-070
214.700000	0.961378	-5.318622	0.000000	1.505684e+013	1.675503e-070
214.800000	0.959173	-5.320827	0.000000	1.609564e+013	1.539233e-070
214.900000	0.956967	-5.323033	0.000000	1.720546e+013	1.414046e-070
215.000000	0.954761	-5.325239	0.000000	1.839106e+013	1.299041e-070
215.100000	0.952556	-5.327444	0.000000	1.965754e+013	1.193389e-070
215.200000	0.950350	-5.329650	0.000000	2.101032e+013	1.096329e-070
215.300000	0.948145	-5.331855	0.000000	2.245518e+013	1.007164e-070
215.400000	0.945939	-5.334061	0.000000	2.399829e+013	9.252506e-071
215.500000	0.943734	-5.336266	0.000000	2.564621e+013	8.499993e-071
215.600000	0.941528	-5.338472	0.000000	2.740594e+013	7.808681e-071
215.700000	0.939323	-5.340677	0.000000	2.928494e+013	7.173595e-071
215.800000	0.937117	-5.342883	0.000000	3.129115e+013	6.590161e-071
215.900000	0.934911	-5.345089	0.000000	3.343303e+013	6.054178e-071
216.000000	0.932706	-5.347294	0.000000	3.571961e+013	5.561787e-071
216.100000	0.930500	-5.349500	0.000000	3.816049e+013	5.109442e-071
216.200000	0.928295	-5.351705	0.000000	4.076590e+013	4.693887e-071
216.300000	0.926089	-5.353911	0.000000	4.354673e+013	4.312130e-071
216.400000	0.923884	-5.356116	0.000000	4.651459e+013	3.961421e-071
216.500000	0.921678	-5.358322	0.000000	4.968185e+013	3.639235e-071
216.600000	0.919473	-5.360527	0.000000	5.306166e+013	3.343253e-071
216.700000	0.917267	-5.362733	0.000000	5.666803e+013	3.071344e-071
216.800000	0.915061	-5.364939	0.000000	6.051589e+013	2.821549e-071
216.900000	0.912856	-5.367144	0.000000	6.462110e+013	2.592070e-071
217.000000	0.910650	-5.369350	0.000000	6.900059e+013	2.381255e-071
217.100000	0.908445	-5.371555	0.000000	7.367235e+013	2.187586e-071
217.200000	0.906239	-5.373761	0.000000	7.865553e+013	2.009668e-071
217.300000	0.904034	-5.375966	0.000000	8.397051e+013	1.846220e-071
217.400000	0.901828	-5.378172	0.000000	8.963900e+013	1.696065e-071
217.500000	0.899622	-5.380378	0.000000	9.568408e+013	1.558123e-071
217.600000	0.897417	-5.382583	0.000000	1.021303e+014	1.431400e-071
217.700000	0.895211	-5.384789	0.000000	1.090038e+014	1.314983e-071
217.800000	0.893006	-5.386994	0.000000	1.163324e+014	1.208034e-071
217.900000	0.890800	-5.389200	0.000000	1.241457e+014	1.109784e-071
218.000000	0.888595	-5.391405	0.000000	1.324751e+014	1.019524e-071
218.100000	0.886389	-5.393611	0.000000	1.413541e+014	9.366054e-072
218.200000	0.884184	-5.395816	0.000000	1.508183e+014	8.604305e-072
218.300000	0.881978	-5.398022	0.000000	1.609055e+014	7.904510e-072
218.400000	0.879772	-5.400228	0.000000	1.716559e+014	7.261630e-072
218.500000	0.877567	-5.402433	0.000000	1.831125e+014	6.671036e-072
218.600000	0.875361	-5.404639	0.000000	1.953206e+014	6.128475e-072
218.700000	0.873156	-5.406844	0.000000	2.083287e+014	5.630041e-072
218.800000	0.870950	-5.409050	0.000000	2.221882e+014	5.172145e-072
218.900000	0.868745	-5.411255	0.000000	2.369537e+014	4.751491e-072
219.000000	0.866539	-5.413461	0.000000	2.526834e+014	4.365048e-072
219.100000	0.864334	-5.415666	0.000000	2.694389e+014	4.010035e-072
219.200000	0.862128	-5.417872	0.000000	2.872860e+014	3.683896e-072
219.300000	0.859922	-5.420078	0.000000	3.062943e+014	3.384281e-072
219.400000	0.857717	-5.422283	0.000000	3.265380e+014	3.109035e-072
219.500000	0.855511	-5.424489	0.000000	3.480958e+014	2.856175e-072
219.600000	0.853306	-5.426694	0.000000	3.710512e+014	2.623880e-072
219.700000	0.851100	-5.428900	0.000000	3.954933e+014	2.410477e-072
219.800000	0.848895	-5.431105	0.000000	4.215163e+014	2.214431e-072
219.900000	0.846689	-5.433311	0.000000	4.492205e+014	2.034330e-072
220.000000	0.844484	-5.435516	0.000000	4.787124e+014	1.868876e-072
220.100000	0.842278	-5.437722	0.000000	5.101050e+014	1.716879e-072
220.200000	0.840072	-5.439928	0.000000	5.435184e+014	1.577243e-072
220.300000	0.837867	-5.442133	0.000000	5.790802e+014	1.448965e-072
220.400000	0.835661	-5.444339	0.000000	6.169255e+014	1.331119e-072
220.500000	0.833456	-5.446544	0.000000	6.571983e+014	1.222858e-072
220.600000	0.831250	-5.448750	0.000000	7.000509e+014	1.123402e-072
220.700000	0.829045	-5.450955	0.000000	7.456454e+014	1.032035e-072
220.800000	0.826839	-5.453161	0.000000	7.941536e+014	9.480985e-073
220.900000	0.824633	-5.455367	0.000000	8.457579e+014	8.709889e-073
221.000000	0.822428	-5.457572	0.000000	9.006519e+014	8.001506e-073
221.100000	0.820222	-5.459778	0.000000	9.590410e+014	7.350736e-073
221.200000	0.818017	-5.461983	0.000000	1.021143e+015	6.752894e-073
221.300000	0.815811	-5.464189	0.000000	1.087190e+015	6.203675e-073
221.400000	0.813606	-5.466394	0.000000	1.157426e+015	5.699124e-073
221.500000	0.811400	-5.468600	0.000000	1.232112e+015	5.235609e-073
221.600000	0.809195	-5.470805	0.000000	1.311523e+015	4.809792e-073
221.700000	0.806989	-5.473011	0.000000	1.395954e+015	4.418607e-073
221.800000	0.804783	-5.475217	0.000000	1.485713e+015	4.059238e-073
221.900000	0.802578	-5.477422	0.000000	1.581131e+015	3.729096e-073
222.000000	0.800372	-5.479628	0.000000	1.682557e+015	3.425805e-073
222.100000	0.798167	-5.481833	0.000000	1.790360e+015	3.147181e-073
222.200000	0.795961	-5.484039	0.000000	1.904933e+015	2.891217e-073
222.300000	0.793756	-5.486244	0.000000	2.026693e+015	2.656072e-073
222.400000	0.791550	-5.488450	0.000000	2.156080e+015	2.440051e-073
222.500000	0.789344	-5.490656	0.000000	2.293562e+015	2.241599e-073
222.600000	0.787139	-5.492861	0.000000	2.439634e+015	2.059287e-073
222.700000	0.784933	-5.495067	0.000000	2.594821e+015	1.891803e-073
222.800000	0.782728	-5.497272	0.000000	2.759680e+015	1.737941e-073
222.900000	0.780522	-5.499478	0.000000	2.934800e+015	1.596592e-073
223.000000	0.778317	-5.501683	0.000000	3.120807e+015	1.466739e-073
223.100000	0.776111	-5.503889	0.000000	3.318361e+015	1.347448e-073
223.200000	0.773905	-5.506095	0.000000	3.528164e+015	1.237858e-073
223.300000	0.771700	-5.508300	0.000000	3.750958e+015	1.137182e-073
223.400000	0.769494	-5.510506	0.000000	3.987530e+015	1.044693e-073
223.500000	0.767289	-5.512711	0.000000	4.238713e+015	9.597270e-074
223.600000	0.765083	-5.514917	0.000000	4.505388e+015	8.816711e-074
223.700000	0.762878	-5.517122	0.000000	4.788491e+015	8.099636e-074
223.800000	0.760672	-5.519328	0.000000	5.089009e+015	7.440882e-074
223.900000	0.758466	-5.521534	0.000000	5.407990e+015	6.835704e-074
224.000000	0.756261	-5.523739	0.000000	5.746542e+015	6.279746e-074
224.100000	0.754055	-5.525945	0.000000	6.105839e+015	5.769005e-074
224.200000	0.751850	-5.528150	0.000000	6.487122e+015	5.299803e-074
224.300000	0.749644	-5.530356	0.000000	6.891705e+015	4.868761e-074
224.400000	0.747439	-5.532561	0.000000	7.320980e+015	4.472777e-074
224.500000	0.745233	-5.534767	0.000000	7.776419e+015	4.108998e-074
224.600000	0.743027	-5.536973	0.000000	8.259578e+015	3.774806e-074
224.700000	0.740822	-5.539178	0.000000	8.772105e+015	3.467794e-074
224.800000	0.738616	-5.541384	0.000000	9.315744e+015	3.185752e-074
224.900000	0.736411	-5.543589	0.000000	9.892339e+015	2.926649e-074
225.000000	0.734205	-5.545795	0.000000	1.050384e+016	2.688618e-074
225.100000	0.731999	-5.548001	0.000000	1.115231e+016	2.469947e-074
225.200000	0.729794	-5.550206	0.000000	1.183993e+016	2.269061e-074
225.300000	0.727588	-5.552412	0.000000	1.256900e+016	2.084513e-074
225.400000	0.725383	-5.554617	0.000000	1.334197e+016	1.914975e-074
225.500000	0.723177	-5.556823	0.000000	1.416142e+016	1.759225e-074
225.600000	0.720971	-5.559029	0.000000	1.503007e+016	1.616143e-074
225.700000	0.718766	-5.561234	0.000000	1.595080e+016	1.484697e-074
225.800000	0.716560	-5.563440	0.000000	1.692666e+016	1.363943e-074
225.900000	0.714355	-5.565645	0.000000	1.796087e+016	1.253009e-074
226.000000	0.712149	-5.567851	0.000000	1.905683e+016	1.151098e-074
226.100000	0.709943	-5.570057	0.000000	2.021814e+016	1.057476e-074
226.200000	0.707738	-5.572262	0.000000	2.144859e+016	9.714675e-075
226.300000	0.705532	-5.574468	0.000000	2.275221e+016	8.924546e-075
226.400000	0.703326	-5.576674	0.000000	2.413323e+016	8.198680e-075
226.500000	0.701121	-5.578879	0.000000	2.559614e+016	7.531849e-075
226.600000	0.698915	-5.581085	0.000000	2.714566e+016	6.919253e-075
226.700000	0.696709	-5.583291	0.000000	2.878679e+016	6.356480e-075
226.800000	0.694504	-5.585496	0.000000	3.052481e+016	5.839479e-075
226.900000	0.692298	-5.587702	0.000000	3.236529e+016	5.364527e-075
227.000000	0.690092	-5.589908	0.000000	3.431413e+016	4.928203e-075
227.100000	0.687887	-5.592113	0.000000	3.637753e+016	4.527366e-075
227.200000	0.685681	-5.594319	0.000000	3.856205e+016	4.159131e-075
227.300000	0.683475	-5.596525	0.000000	4.087462e+016	3.820844e-075
227.400000	0.681270	-5.598730	0.000000	4.332255e+016	3.510072e-075
227.500000	0.679064	-5.600936	0.000000	4.591356e+016	3.224575e-075
227.600000	0.676858	-5.603142	0.000000	4.865577e+016	2.962298e-075
227.700000	0.674652	-5.605348	0.000000	5.155779e+016	2.721354e-075
227.800000	0.672447	-5.607553	0.000000	5.462869e+016	2.500005e-075
227.900000	0.670241	-5.609759	0.000000	5.787801e+016	2.296660e-075
228.000000	0.668035	-5.611965	0.000000	6.131586e+016	2.109853e-075
228.100000	0.665829	-5.614171	0.000000	6.495288e+016	1.938240e-075
228.200000	0.663624	-5.616376	0.000000	6.880030e+016	1.780585e-075
228.300000	0.661418	-5.618582	0.000000	7.286995e+016	1.635753e-075
228.400000	0.659212	-5.620788	0.000000	7.717432e+016	1.502700e-075
228.500000	0.657006	-5.622994	0.000000	8.172657e+016	1.380469e-075
228.600000	0.654800	-5.625200	0.000000	8.654060e+016	1.268179e-075
228.700000	0.652594	-5.627406	0.000000	9.163103e+016	1.165023e-075
228.800000	0.650388	-5.629612	0.000000	9.701331e+016	1.070256e-075
228.900000	0.648183	-5.631817	0.000000	1.027037e+017	9.831977e-076
229.000000	0.645977	-5.634023	0.000000	1.087193e+017	9.032201e-076
229.100000	0.643771	-5.636229	0.000000	1.150782e+017	8.297474e-076
229.200000	0.641565	-5.638435	0.000000	1.217995e+017	7.622506e-076
229.300000	0.639359	-5.640641	0.000000	1.289032e+017	7.002438e-076
229.400000	0.637153	-5.642847	0.000000	1.364104e+017	6.432804e-076
229.500000	0.634946	-5.645054	0.000000	1.443435e+017	5.909501e-076
229.600000	0.632740	-5.647260	0.000000	1.527258e+017	5.428763e-076
229.700000	0.630534	-5.649466	0.000000	1.615821e+017	4.987126e-076
229.800000	0.628328	-5.651672	0.000000	1.709384e+017	4.581411e-076
229.900000	0.626122	-5.653878	0.000000	1.808222e+017	4.208696e-076
230.000000	0.623916	-5.656084	0.000000	1.912622e+017	3.866297e-076
230.100000	0.621709	-5.658291	0.000000	2.022889e+017	3.551748e-076
230.200000	0.619503	-5.660497	0.000000	2.139342e+017	3.262785e-076
230.300000	0.617297	-5.662703	0.000000	2.262318e+017	2.997325e-076
230.400000	0.615090	-5.664910	0.000000	2.392173e+017	2.753459e-076
230.500000	0.612884	-5.667116	0.000000	2.529278e+017	2.529429e-076
230.600000	0.610677	-5.669323	0.000000	2.674027e+017	2.323621e-076
230.700000	0.608471	-5.671529	0.000000	2.826833e+017	2.134555e-076
230.800000	0.606264	-5.673736	0.000000	2.988131e+017	1.960868e-076
230.900000	0.604057	-5.675943	0.000000	3.158378e+017	1.801309e-076
231.000000	0.601850	-5.678150	0.000000	3.338055e+017	1.654730e-076
231.100000	0.599644	-5.680356	0.000000	3.527670e+017	1.520074e-076
231.200000	0.597437	-5.682563	0.000000	3.727754e+017	1.396372e-076
231.300000	0.595230	-5.684770	0.000000	3.938867e+017	1.282732e-076
231.400000	0.593023	-5.686977	0.000000	4.161598e+017	1.178337e-076
231.500000	0.590815	-5.689185	0.000000	4.396568e+017	1.082435e-076
231.600000	0.588608	-5.691392	0.000000	4.644426e+017	9.943342e-077
231.700000	0.586401	-5.693599	0.000000	4.905858e+017	9.134007e-077
231.800000	0.584193	-5.695807	0.000000	5.181584e+017	8.390513e-077
231.900000	0.581986	-5.698014	0.000000	5.472358e+017	7.707506e-077
232.000000	0.579778	-5.700222	0.000000	5.778978e+017	7.080065e-077
232.100000	0.577570	-5.702430	0.000000	6.102278e+017	6.503672e-077
232.200000	0.575362	-5.704638	0.000000	6.443136e+017	5.974173e-077
232.300000	0.573154	-5.706846	0.000000	6.802474e+017	5.487754e-077
232.400000	0.570946	-5.709054	0.000000	7.181262e+017	5.040912e-077
232.500000	0.568738	-5.711262	0.000000	7.580518e+017	4.630427e-077
232.600000	0.566529	-5.713471	0.000000	8.001310e+017	4.253341e-077
232.700000	0.564320	-5.715680	0.000000	8.444763e+017	3.906939e-077
232.800000	0.562111	-5.717889	0.000000	8.912055e+017	3.588723e-077
232.900000	0.559902	-5.720098	0.000000	9.404426e+017	3.296402e-077
233.000000	0.557693	-5.722307	0.000000	9.923174e+017	3.027869e-077
233.100000	0.555484	-5.724516	0.000000	1.046967e+018	2.781188e-077
233.200000	0.553274	-5.726726	0.000000	1.104534e+018	2.554583e-077
233.300000	0.551064	-5.728936	0.000000	1.165169e+018	2.346419e-077
233.400000	0.548854	-5.731146	0.000000	1.229030e+018	2.155198e-077
233.500000	0.546643	-5.733357	0.000000	1.296282e+018	1.979540e-077
233.600000	0.544432	-5.735568	0.000000	1.367100e+018	1.818180e-077
233.700000	0.542221	-5.737779	0.000000	1.441666e+018	1.669954e-077
233.800000	0.540010	-5.739990	0.000000	1.520172e+018	1.533794e-077
233.900000	0.537798	-5.742202	0.000000	1.602817e+018	1.408719e-077
234.000000	0.535586	-5.744414	0.000000	1.689813e+018	1.293826e-077
234.100000	0.533374	-5.746626	0.000000	1.781380e+018	1.188287e-077
234.200000	0.531161	-5.748839	0.000000	1.877751e+018	1.091341e-077
234.300000	0.528948	-5.751052	0.000000	1.979167e+018	1.002289e-077
234.400000	0.526735	-5.753265	0.000000	2.085883e+018	9.204882e-078
234.500000	0.524521	-5.755479	0.000000	2.198167e+018	8.453493e-078
234.600000	0.522306	-5.757694	0.000000	2.316298e+018	7.763301e-078
234.700000	0.520091	-5.759909	0.000000	2.440569e+018	7.129324e-078
234.800000	0.517876	-5.762124	0.000000	2.571288e+018	6.546989e-078
234.900000	0.515660	-5.764340	0.000000	2.708776e+018	6.012094e-078
235.000000	0.513443	-5.766557	0.000000	2.853371e+018	5.520777e-078
235.100000	0.511226	-5.768774	0.000000	3.005427e+018	5.069494e-078
235.200000	0.509008	-5.770992	0.000000	3.165314e+018	4.654984e-078
235.300000	0.506789	-5.773211	0.000000	3.333419e+018	4.274257e-078
235.400000	0.504570	-5.775430	0.000000	3.510149e+018	3.924562e-078
235.500000	0.502350	-5.777650	0.000000	3.695929e+018	3.603374e-078
235.600000	0.500129	-5.779871	0.000000	3.891205e+018	3.308371e-078
235.700000	0.497908	-5.782092	0.000000	4.096443e+018	3.037423e-078
235.800000	0.495685	-5.784315	0.000000	4.312132e+018	2.788572e-078
235.900000	0.493462	-5.786538	0.000000	4.538782e+018	2.560018e-078
236.000000	0.491237	-5.788763	0.000000	4.776928e+018	2.350110e-078
236.100000	0.489012	-5.790988	0.000000	5.027130e+018	2.157328e-078
236.200000	0.486786	-5.793214	0.000000	5.289973e+018	1.980279e-078
236.300000	0.484558	-5.795442	0.000000	5.566072e+018	1.817682e-078
236.400000	0.482329	-5.797671	0.000000	5.856066e+018	1.668359e-078
236.500000	0.480099	-5.799901	0.000000	6.160626e+018	1.531230e-078
236.600000	0.477868	-5.802132	0.000000	6.480455e+018	1.405301e-078
236.700000	0.475635	-5.804365	0.000000	6.816284e+018	1.289660e-078
236.800000	0.473401	-5.806599	0.000000	7.168882e+018	1.183469e-078
236.900000	0.471165	-5.808835	0.000000	7.539051e+018	1.085958e-078
237.000000	0.468928	-5.811072	0.000000	7.927629e+018	9.964195e-079
237.100000	0.466689	-5.813311	0.000000	8.335492e+018	9.142046e-079
237.200000	0.464449	-5.815551	0.000000	8.763557e+018	8.387160e-079
237.300000	0.462206	-5.817794	0.000000	9.212780e+018	7.694055e-079
237.400000	0.459961	-5.820039	0.000000	9.684163e+018	7.057696e-079
237.500000	0.457715	-5.822285	0.000000	1.017875e+019	6.473455e-079
237.600000	0.455466	-5.824534	0.000000	1.069763e+019	5.937084e-079
237.700000	0.453215	-5.826785	0.000000	1.124195e+019	5.444677e-079
237.800000	0.450961	-5.829039	0.000000	1.181290e+019	4.992651e-079
237.900000	0.448705	-5.831295	0.000000	1.241172e+019	4.577709e-079
238.000000	0.446447	-5.833553	0.000000	1.303972e+019	4.196828e-079
238.100000	0.444185	-5.835815	0.000000	1.369823e+019	3.847226e-079
238.200000	0.441921	-5.838079	0.000000	1.438870e+019	3.526351e-079
238.300000	0.439654	-5.840346	0.000000	1.511258e+019	3.231858e-079
238.400000	0.437383	-5.842617	0.000000	1.587142e+019	2.961592e-079
238.500000	0.435109	-5.844891	0.000000	1.666684e+019	2.713575e-079
238.600000	0.432832	-5.847168	0.000000	1.750051e+019	2.485989e-079
238.700000	0.430550	-5.849450	0.000000	1.837417e+019	2.277164e-079
238.800000	0.428265	-5.851735	0.000000	1.928967e+019	2.085567e-079
238.900000	0.425976	-5.854024	0.000000	2.024890e+019	1.909789e-079
239.000000	0.423683	-5.856317	0.000000	2.125386e+019	1.748536e-079
239.100000	0.421384	-5.858616	0.000000	2.230660e+019	1.600621e-079
239.200000	0.419082	-5.860918	0.000000	2.340930e+019	1.464950e-079
239.300000	0.416774	-5.863226	0.000000	2.456420e+019	1.340522e-079
239.400000	0.414461	-5.865539	0.000000	2.577365e+019	1.226416e-079
239.500000	0.412142	-5.867858	0.000000	2.704010e+019	1.121787e-079
239.600000	0.409818	-5.870182	0.000000	2.836608e+019	1.025856e-079
239.700000	0.407488	-5.872512	0.000000	2.975426e+019	9.379113e-080
239.800000	0.405151	-5.874849	0.000000	3.120741e+019	8.572971e-080
239.900000	0.402808	-5.877192	0.000000	3.272838e+019	7.834117e-080
240.000000	-0.415603	-5.467103	0.000000	2.831416e+019	5.545991e-073
240.100000	-0.412599	-5.464099	0.000000	2.940490e+019	6.225024e-073
240.200000	-0.409603	-5.461103	0.000000	3.049963e+019	6.985543e-073
240.300000	-0.406612	-5.458112	0.000000	3.159731e+019	7.837049e-073
240.400000	-0.403628	-5.455128	0.000000	3.269688e+019	8.790115e-073
240.500000	-0.400651	-5.452151	0.000000	3.379732e+019	9.856487e-073
240.600000	-0.397681	-5.449181	0.000000	3.489763e+019	1.104922e-072
240.700000	-0.394718	-5.446218	0.000000	3.599682e+019	1.238280e-072
240.800000	-0.391763	-5.443263	0.000000	3.709389e+019	1.387332e-072
240.900000	-0.388816	-5.440316	0.000000	3.818791e+019	1.553862e-072
241.000000	-0.385877	-5.437377	0.000000	3.927793e+019	1.739845e-072
241.100000	-0.382945	-5.434445	0.000000	4.036304e+019	1.947474e-072
241.200000	-0.380023	-5.431523	0.000000	4.144234e+019	2.179172e-072
241.300000	-0.377109	-5.428609	0.000000	4.251495e+019	2.437622e-072
241.400000	-0.374204	-5.425704	0.000000	4.358003e+019	2.725792e-072
241.500000	-0.371308	-5.422808	0.000000	4.463675e+019	3.046958e-072
241.600000	-0.368421	-5.419921	0.000000	4.568430e+019	3.404743e-072
241.700000	-0.365544	-5.417044	0.000000	4.672190e+019	3.803141e-072
241.800000	-0.362676	-5.414176	0.000000	4.774880e+019	4.246558e-072
241.900000	-0.359819	-5.411319	0.000000	4.876425e+019	4.739852e-072
242.000000	-0.356972	-5.408472	0.000000	4.976757e+019	5.288373e-072
242.100000	-0.354135	-5.405635	0.000000	5.075806e+019	5.898007e-072
242.200000	-0.351309	-5.402809	0.000000	5.173507e+019	6.575231e-072
242.300000	-0.348494	-5.399994	0.000000	5.269798e+019	7.327164e-072
242.400000	-0.345690	-5.397190	0.000000	5.364616e+019	8.161622e-072
242.500000	-0.342897	-5.394397	0.000000	5.457906e+019	9.087188e-072
242.600000	-0.340115	-5.391615	0.000000	5.549612e+019	1.011327e-071
242.700000	-0.337345	-5.388845	0.000000	5.639681e+019	1.125019e-071
242.800000	-0.334587	-5.386087	0.000000	5.728063e+019	1.250924e-071
242.900000	-0.331841	-5.383341	0.000000	5.814712e+019	1.390278e-071
243.000000	-0.329107	-5.380607	0.000000	5.899581e+019	1.544433e-071
243.100000	-0.326385	-5.377885	0.000000	5.982630e+019	1.714866e-071
243.200000	-0.323676	-5.375176	0.000000	6.063819e+019	1.903190e-071
243.300000	-0.320980	-5.372480	0.000000	6.143110e+019	2.111164e-071
243.400000	-0.318296	-5.369796	0.000000	6.220470e+019	2.340708e-071
243.500000	-0.315626	-5.367126	0.000000	6.295865e+019	2.593910e-071
243.600000	-0.312968	-5.364468	0.000000	6.369267e+019	2.873045e-071
243.700000	-0.310324	-5.361824	0.000000	6.440649e+019	3.180587e-071
243.800000	-0.307694	-5.359194	0.000000	6.509985e+019	3.519224e-071
243.900000	-0.305077	-5.356577	0.000000	6.577254e+019	3.891876e-071
244.000000	-0.302474	-5.353974	0.000000	6.642435e+019	4.301710e-071
244.100000	-0.299884	-5.351384	0.000000	6.705511e+019	4.752159e-071
244.200000	-0.297309	-5.348809	0.000000	6.766467e+019	5.246944e-071
244.300000	-0.294748	-5.346248	0.000000	6.825288e+019	5.790090e-071
244.400000	-0.292201	-5.343701	0.000000	6.881964e+019	6.385951e-071
244.500000	-0.289669	-5.341169	0.000000	6.936486e+019	7.039231e-071
244.600000	-0.287151	-5.338651	0.000000	6.988848e+019	7.755010e-071
244.700000	-0.284648	-5.336148	0.000000	7.039043e+019	8.538767e-071
244.800000	-0.282160	-5.333660	0.000000	7.087069e+019	9.396407e-071
244.900000	-0.279686	-5.331186	0.000000	7.132925e+019	1.033429e-070
245.000000	-0.277227	-5.328727	0.000000	7.176612e+019	1.135927e-070
245.100000	-0.274783	-5.326283	0.000000	7.218133e+019	1.247869e-070
245.200000	-0.272355	-5.323855	0.000000	7.257491e+019	1.370046e-070
245.300000	-0.269941	-5.321441	0.000000	7.294693e+019	1.503307e-070
245.400000	-0.267543	-5.319043	0.000000	7.329746e+019	1.648562e-070
245.500000	-0.265161	-5.316661	0.000000	7.362660e+019	1.806786e-070
245.600000	-0.262793	-5.314293	0.000000	7.393446e+019	1.979022e-070
245.700000	-0.260441	-5.311941	0.000000	7.422115e+019	2.166386e-070
245.800000	-0.258105	-5.309605	0.000000	7.448683e+019	2.370074e-070
245.900000	-0.255784	-5.307284	0.000000	7.473162e+019	2.591358e-070
246.000000	-0.253479	-5.304979	0.000000	7.495571e+019	2.831598e-070
246.100000	-0.251189	-5.302689	0.000000	7.515926e+019	3.092245e-070
246.200000	-0.248916	-5.300416	0.000000	7.534247e+019	3.374841e-070
246.300000	-0.246658	-5.298158	0.000000	7.550553e+019	3.681030e-070
246.400000	-0.244416	-5.295916	0.000000	7.564865e+019	4.012559e-070
246.500000	-0.242189	-5.293689	0.000000	7.577207e+019	4.371284e-070
246.600000	-0.239979	-5.291479	0.000000	7.587600e+019	4.759176e-070
246.700000	-0.237784	-5.289284	0.000000	7.596068e+019	5.178325e-070
246.800000	-0.235606	-5.287106	0.000000	7.602638e+019	5.630944e-070
246.900000	-0.233443	-5.284943	0.000000	7.607333e+019	6.119379e-070
247.000000	-0.231296	-5.282796	0.000000	7.610182e+019	6.646110e-070
247.100000	-0.229165	-5.280665	0.000000	7.611211e+019	7.213760e-070
247.200000	-0.227050	-5.278550	0.000000	7.610448e+019	7.825097e-070
247.300000	-0.224951	-5.276451	0.000000	7.607923e+019	8.483045e-070
247.400000	-0.222868	-5.274368	0.000000	7.603663e+019	9.190683e-070
247.500000	-0.220801	-5.272301	0.000000	7.597699e+019	9.951259e-070
247.600000	-0.218749	-5.270249	0.000000	7.590061e+019	1.076819e-069
247.700000	-0.216714	-5.268214	0.000000	7.580780e+019	1.164507e-069
247.800000	-0.214694	-5.266194	0.000000	7.569886e+019	1.258567e-069
247.900000	-0.212691	-5.264191	0.000000	7.557413e+019	1.359396e-069
248.000000	-0.210703	-5.262203	0.000000	7.543390e+019	1.467409e-069
248.100000	-0.208731	-5.260231	0.000000	7.527851e+019	1.583044e-069
248.200000	-0.206774	-5.258274	0.000000	7.510828e+019	1.706757e-069
248.300000	-0.204833	-5.256333	0.000000	7.492353e+019	1.839025e-069
248.400000	-0.202909	-5.254409	0.000000	7.472460e+019	1.980349e-069
248.500000	-0.200999	-5.252499	0.000000	7.451181e+019	2.131251e-069
248.600000	-0.199105	-5.250605	0.000000	7.428550e+019	2.292277e-069
248.700000	-0.197227	-5.248727	0.000000	7.404599e+019	2.463995e-069
248.800000	-0.195365	-5.246865	0.000000	7.379362e+019	2.646998e-069
248.900000	-0.193517	-5.245017	0.000000	7.352872e+019	2.841905e-069
249.000000	-0.191685	-5.243185	0.000000	7.325162e+019	3.049358e-069
249.100000	-0.189869	-5.241369	0.000000	7.296266e+019	3.270026e-069
249.200000	-0.188068	-5.239568	0.000000	7.266217e+019	3.504604e-069
249.300000	-0.186282	-5.237782	0.000000	7.235048e+019	3.753814e-069
249.400000	-0.184511	-5.236011	0.000000	7.202791e+019	4.018403e-069
249.500000	-0.182755	-5.234255	0.000000	7.169481e+019	4.299149e-069
249.600000	-0.181014	-5.232514	0.000000	7.135148e+019	4.596856e-069
249.700000	-0.179288	-5.230788	0.000000	7.099826e+019	4.912357e-069
249.800000	-0.177577	-5.229077	0.000000	7.063548e+019	5.246512e-069
249.900000	-0.175881	-5.227381	0.000000	7.026344e+019	5.600213e-069
250.000000	-0.174199	-5.225699	0.000000	6.988248e+019	5.974379e-069
250.100000	-0.172532	-5.224032	0.000000	6.949290e+019	6.369960e-069
250.200000	-0.170880	-5.222380	0.000000	6.909502e+019	6.787936e-069
250.300000	-0.169242	-5.220742	0.000000	6.868915e+019	7.229316e-069
250.400000	-0.167618	-5.219118	0.000000	6.827559e+019	7.695141e-069
250.500000	-0.166009	-5.217509	0.000000	6.785465e+019	8.186482e-069
250.600000	-0.164414	-5.215914	0.000000	6.742664e+019	8.704440e-069
250.700000	-0.162833	-5.214333	0.000000	6.699183e+019	9.250147e-069
250.800000	-0.161266	-5.212766	0.000000	6.655054e+019	9.824767e-069
250.900000	-0.159713	-5.211213	0.000000	6.610305e+019	1.042949e-068
251.000000	-0.158174	-5.209674	0.000000	6.564964e+019	1.106555e-068
251.100000	-0.156648	-5.208148	0.000000	6.519059e+019	1.173420e-068
251.200000	-0.155137	-5.206637	0.000000	6.472619e+019	1.243673e-068
251.300000	-0.153638	-5.205138	0.000000	6.425671e+019	1.317445e-068
251.400000	-0.152154	-5.203654	0.000000	6.378241e+019	1.394871e-068
251.500000	-0.150682	-5.202182	0.000000	6.330356e+019	1.476090e-068
251.600000	-0.149224	-5.200724	0.000000	6.282043e+019	1.561242e-068
251.700000	-0.147779	-5.199279	0.000000	6.233327e+019	1.650471e-068
251.800000	-0.146347	-5.197847	0.000000	6.184232e+019	1.743925e-068
251.900000	-0.144928	-5.196428	0.000000	6.134785e+019	1.841754e-068
252.000000	-0.143521	-5.195021	0.000000	6.085009e+019	1.944111e-068
252.100000	-0.142128	-5.193628	0.000000	6.034927e+019	2.051151e-068
252.200000	-0.140747	-5.192247	0.000000	5.984565e+019	2.163033e-068
252.300000	-0.139379	-5.190879	0.000000	5.933943e+019	2.279920e-068
252.400000	-0.138023	-5.189523	0.000000	5.883086e+019	2.401976e-068
252.500000	-0.136679	-5.188179	0.000000	5.832014e+019	2.529368e-068
252.600000	-0.135348	-5.186848	0.000000	5.780750e+019	2.662266e-068
252.700000	-0.134028	-5.185528	0.000000	5.729314e+019	2.800844e-068
252.800000	-0.132721	-5.184221	0.000000	5.677727e+019	2.945277e-068
252.900000	-0.131426	-5.182926	0.000000	5.626010e+019	3.095742e-068
253.000000	-0.130142	-5.181642	0.000000	5.574182e+019	3.252421e-068
253.100000	-0.128870	-5.180370	0.000000	5.522262e+019	3.415497e-068
253.200000	-0.127610	-5.179110	0.000000	5.470269e+019	3.585156e-068
253.300000	-0.126361	-5.177861	0.000000	5.418222e+019	3.761586e-068
253.400000	-0.125123	-5.176623	0.000000	5.366139e+019	3.944978e-068
253.500000	-0.123896	-5.175396	0.000000	5.314036e+019	4.135523e-068
253.600000	-0.122681	-5.174181	0.000000	5.261930e+019	4.333419e-068
253.700000	-0.121477	-5.172977	0.000000	5.209839e+019	4.538862e-068
253.800000	-0.120283	-5.171783	0.000000	5.157779e+019	4.752051e-068
253.900000	-0.119101	-5.170601	0.000000	5.105765e+019	4.973189e-068
254.000000	-0.117929	-5.169429	0.000000	5.053812e+019	5.202479e-068
254.100000	-0.116768	-5.168268	0.000000	5.001935e+019	5.440127e-068
254.200000	-0.115617	-5.167117	0.000000	4.950149e+019	5.686341e-068
254.300000	-0.114476	-5.165976	0.000000	4.898467e+019	5.941331e-068
254.400000	-0.113346	-5.164846	0.000000	4.846903e+019	6.205308e-068
254.500000	-0.112226	-5.163726	0.000000	4.795471e+019	6.478486e-068
254.600000	-0.111116	-5.162616	0.000000	4.744182e+019	6.761080e-068
254.700000	-0.110015	-5.161515	0.000000	4.693049e+019	7.053307e-068
254.800000	-0.108925	-5.160425	0.000000	4.642085e+019	7.355386e-068
254.900000	-0.107845	-5.159345	0.000000	4.591300e+019	7.667537e-068
255.000000	-0.106773	-5.158273	0.000000	4.540706e+019	7.989982e-068
255.100000	-0.105712	-5.157212	0.000000	4.490313e+019	8.322944e-068
255.200000	-0.104660	-5.156160	0.000000	4.440132e+019	8.666649e-068
255.300000	-0.103617	-5.155117	0.000000	4.390173e+019	9.021323e-068
255.400000	-0.102583	-5.154083	0.000000	4.340446e+019	9.387195e-068
255.500000	-0.101559	-5.153059	0.000000	4.290959e+019	9.764492e-068
255.600000	-0.100543	-5.152043	0.000000	4.241722e+019	1.015345e-067
255.700000	-0.099537	-5.151037	0.000000	4.192744e+019	1.055429e-067
255.800000	-0.098539	-5.150039	0.000000	4.144032e+019	1.096726e-067
255.900000	-0.097549	-5.149049	0.000000	4.095595e+019	1.139259e-067
256.000000	-0.096569	-5.148069	0.000000	4.047439e+019	1.183051e-067
256.100000	-0.095596	-5.147096	0.000000	3.999573e+019	1.228126e-067
256.200000	-0.094633	-5.146133	0.000000	3.952003e+019	1.274508e-067
256.300000	-0.093677	-5.145177	0.000000	3.904736e+019	1.322221e-067
256.400000	-0.092730	-5.144230	0.000000	3.857779e+019	1.371290e-067
256.500000	-0.091790	-5.143290	0.000000	3.811136e+019	1.421738e-067
256.600000	-0.090859	-5.142359	0.000000	3.764815e+019	1.473590e-067
256.700000	-0.089935	-5.141435	0.000000	3.718820e+019	1.526870e-067
256.800000	-0.089020	-5.140520	0.000000	3.673156e+019	1.581603e-067
256.900000	-0.088112	-5.139612	0.000000	3.627829e+019	1.637814e-067
257.000000	-0.087211	-5.138711	0.000000	3.582843e+019	1.695527e-067
257.100000	-0.086318	-5.137818	0.000000	3.538202e+019	1.754768e-067
257.200000	-0.085433	-5.136933	0.000000	3.493912e+019	1.815562e-067
257.300000	-0.084555	-5.136055	0.000000	3.449974e+019	1.877933e-067
257.400000	-0.083684	-5.135184	0.000000	3.406393e+019	1.941909e-067
257.500000	-0.082820	-5.134320	0.000000	3.363173e+019	2.007513e-067
257.600000	-0.081963	-5.133463	0.000000	3.320317e+019	2.074771e-067
257.700000	-0.081113	-5.132613	0.000000	3.277826e+019	2.143711e-067
257.800000	-0.080270	-5.131770	0.000000	3.235705e+019	2.214356e-067
257.900000	-0.079434	-5.130934	0.000000	3.193955e+019	2.286734e-067
258.000000	-0.078604	-5.130104	0.000000	3.152579e+019	2.360871e-067
258.100000	-0.077781	-5.129281	0.000000	3.111579e+019	2.436793e-067
258.200000	-0.076965	-5.128465	0.000000	3.070957e+019	2.514527e-067
258.300000	-0.076155	-5.127655	0.000000	3.030714e+019	2.594099e-067
258.400000	-0.075351	-5.126851	0.000000	2.990852e+019	2.675536e-067
258.500000	-0.074554	-5.126054	0.000000	2.951372e+019	2.758866e-067
258.600000	-0.073763	-5.125263	0.000000	2.912275e+019	2.844116e-067
258.700000	-0.072977	-5.124477	0.000000	2.873562e+019	2.931312e-067
258.800000	-0.072198	-5.123698	0.000000	2.835234e+019	3.020484e-067
258.900000	-0.071425	-5.122925	0.000000	2.797291e+019	3.111657e-067
259.000000	-0.070658	-5.122158	0.000000	2.759734e+019	3.204861e-067
259.100000	-0.069896	-5.121396	0.000000	2.722563e+019	3.300124e-067
259.200000	-0.069140	-5.120640	0.000000	2.685779e+019	3.397474e-067
259.300000	-0.068390	-5.119890	0.000000	2.649380e+019	3.496939e-067
259.400000	-0.067645	-5.119145	0.000000	2.613368e+019	3.598550e-067
259.500000	-0.066906	-5.118406	0.000000	2.577741e+019	3.702333e-067
259.600000	-0.066172	-5.117672	0.000000	2.542500e+019	3.808320e-067
259.700000	-0.065444	-5.116944	0.000000	2.507643e+019	3.916539e-067
259.800000	-0.064720	-5.116220	0.000000	2.473170e+019	4.027021e-067
259.900000	-0.064002	-5.115502	0.000000	2.439081e+019	4.139795e-067
260.000000	-0.063289	-5.114789	0.000000	2.405374e+019	4.254892e-067
260.100000	-0.062581	-5.114081	0.000000	2.372048e+019	4.372342e-067
260.200000	-0.061878	-5.113378	0.000000	2.339102e+019	4.492176e-067
260.300000	-0.061180	-5.112680	0.000000	2.306535e+019	4.614426e-067
260.400000	-0.060487	-5.111987	0.000000	2.274345e+019	4.739124e-067
260.500000	-0.059799	-5.111299	0.000000	2.242531e+019	4.866300e-067
260.600000	-0.059115	-5.110615	0.000000	2.211092e+019	4.995987e-067
260.700000	-0.058435	-5.109935	0.000000	2.180026e+019	5.128217e-067
260.800000	-0.057761	-5.109261	0.000000	2.149331e+019	5.263024e-067
260.900000	-0.057091	-5.108591	0.000000	2.119005e+019	5.400440e-067
261.000000	-0.056425	-5.107925	0.000000	2.089047e+019	5.540499e-067
261.100000	-0.055764	-5.107264	0.000000	2.059454e+019	5.683235e-067
261.200000	-0.055107	-5.106607	0.000000	2.030225e+019	5.828681e-067
261.300000	-0.054454	-5.105954	0.000000	2.001357e+019	5.976873e-067
261.400000	-0.053805	-5.105305	0.000000	1.972849e+019	6.127846e-067
261.500000	-0.053161	-5.104661	0.000000	1.944697e+019	6.281635e-067
261.600000	-0.052520	-5.104020	0.000000	1.916901e+019	6.438276e-067
261.700000	-0.051884	-5.103384	0.000000	1.889456e+019	6.597804e-067
261.800000	-0.051252	-5.102752	0.000000	1.862362e+019	6.760258e-067
261.900000	-0.050623	-5.102123	0.000000	1.835615e+019	6.925673e-067
262.000000	-0.049998	-5.101498	0.000000	1.809213e+019	7.094087e-067
262.100000	-0.049377	-5.100877	0.000000	1.783154e+019	7.265539e-067
262.200000	-0.048760	-5.100260	0.000000	1.757435e+019	7.440066e-067
262.300000	-0.048147	-5.099647	0.000000	1.732053e+019	7.617709e-067
262.400000	-0.047537	-5.099037	0.000000	1.707006e+019	7.798505e-067
262.500000	-0.046931	-5.098431	0.000000	1.682290e+019	7.982496e-067
262.600000	-0.046328	-5.097828	0.000000	1.657904e+019	8.169722e-067
262.700000	-0.045729	-5.097229	0.000000	1.633845e+019	8.360223e-067
262.800000	-0.045133	-5.096633	0.000000	1.610109e+019	8.554041e-067
262.900000	-0.044540	-5.096040	0.000000	1.586693e+019	8.751219e-067
263.000000	-0.043951	-5.095451	0.000000	1.563596e+019	8.951798e-067
263.100000	-0.043365	-5.094865	0.000000	1.540814e+019	9.155822e-067
263.200000	-0.042782	-5.094282	0.000000	1.518344e+019	9.363335e-067
263.300000	-0.042203	-5.093703	0.000000	1.496183e+019	9.574381e-067
263.400000	-0.041626	-5.093126	0.000000	1.474329e+019	9.789005e-067
263.500000	-0.041053	-5.092553	0.000000	1.452778e+019	1.000725e-066
263.600000	-0.040483	-5.091983	0.000000	1.431527e+019	1.022917e-066
263.700000	-0.039916	-5.091416	0.000000	1.410574e+019	1.045480e-066
263.800000	-0.039351	-5.090851	0.000000	1.389915e+019	1.068420e-066
263.900000	-0.038790	-5.090290	0.000000	1.369548e+019	1.091741e-066
264.000000	-0.038231	-5.089731	0.000000	1.349469e+019	1.115448e-066
264.100000	-0.037676	-5.089176	0.000000	1.329676e+019	1.139546e-066
264.200000	-0.037123	-5.088623	0.000000	1.310164e+019	1.164041e-066
264.300000	-0.036572	-5.088072	0.000000	1.290933e+019	1.188936e-066
264.400000	-0.036025	-5.087525	0.000000	1.271977e+019	1.214237e-066
264.500000	-0.035480	-5.086980	0.000000	1.253295e+019	1.239950e-066
264.600000	-0.034938	-5.086438	0.000000	1.234883e+019	1.266080e-066
264.700000	-0.034398	-5.085898	0.000000	1.216738e+019	1.292632e-066
264.800000	-0.033861	-5.085361	0.000000	1.198858e+019	1.319612e-066
264.900000	-0.033327	-5.084827	0.000000	1.181239e+019	1.347024e-066
265.000000	-0.032795	-5.084295	0.000000	1.163877e+019	1.374876e-066
265.100000	-0.032265	-5.083765	0.000000	1.146771e+019	1.403171e-066
265.200000	-0.031738	-5.083238	0.000000	1.129918e+019	1.431917e-066
265.300000	-0.031213	-5.082713	0.000000	1.113313e+019	1.461120e-066
265.400000	-0.030690	-5.082190	0.000000	1.096954e+019	1.490783e-066
265.500000	-0.030170	-5.081670	0.000000	1.080839e+019	1.520915e-066
265.600000	-0.029652	-5.081152	0.000000	1.064964e+019	1.551521e-066
265.700000	-0.029136	-5.080636	0.000000	1.049326e+019	1.582608e-066
265.800000	-0.028622	-5.080122	0.000000	1.033922e+019	1.614180e-066
265.900000	-0.028111	-5.079611	0.000000	1.018750e+019	1.646246e-066
266.000000	-0.027602	-5.079102	0.000000	1.003806e+019	1.678811e-066
266.100000	-0.027095	-5.078595	0.000000	9.890877e+018	1.711882e-066
266.200000	-0.026589	-5.078089	0.000000	9.745921e+018	1.745465e-066
266.300000	-0.026086	-5.077586	0.000000	9.603162e+018	1.779567e-066
266.400000	-0.025585	-5.077085	0.000000	9.462572e+018	1.814196e-066
266.500000	-0.025086	-5.076586	0.000000	9.324123e+018	1.849358e-066
266.600000	-0.024589	-5.076089	0.000000	9.187787e+018	1.885059e-066
266.700000	-0.024094	-5.075594	0.000000	9.053535e+018	1.921308e-066
266.800000	-0.023600	-5.075100	0.000000	8.921340e+018	1.958111e-066
266.900000	-0.023109	-5.074609	0.000000	8.791173e+018	1.995476e-066
267.000000	-0.022619	-5.074119	0.000000	8.663008e+018	2.033410e-066
267.100000	-0.022132	-5.073632	0.000000	8.536817e+018	2.071920e-066
267.200000	-0.021646	-5.073146	0.000000	8.412574e+018	2.111015e-066
267.300000	-0.021161	-5.072661	0.000000	8.290250e+018	2.150702e-066
267.400000	-0.020679	-5.072179	0.000000	8.169820e+018	2.190989e-066
267.500000	-0.020198	-5.071698	0.000000	8.051257e+018	2.231883e-066
267.600000	-0.019719	-5.071219	0.000000	7.934534e+018	2.273394e-066
267.700000	-0.019241	-5.070741	0.000000	7.819627e+018	2.315529e-066
267.800000	-0.018766	-5.070266	0.000000	7.706508e+018	2.358296e-066
267.900000	-0.018291	-5.069791	0.000000	7.595154e+018	2.401704e-066
268.000000	-0.017819	-5.069319	0.000000	7.485537e+018	2.445762e-066
268.100000	-0.017348	-5.068848	0.000000	7.377633e+018	2.490478e-066
268.200000	-0.016878	-5.068378	0.000000	7.271418e+018	2.535861e-066
268.300000	-0.016410	-5.067910	0.000000	7.166866e+018	2.581919e-066
268.400000	-0.015944	-5.067444	0.000000	7.063953e+018	2.628663e-066
268.500000	-0.015479	-5.066979	0.000000	6.962656e+018	2.676101e-066
268.600000	-0.015015	-5.066515	0.000000	6.862949e+018	2.724242e-066
268.700000	-0.014553	-5.066053	0.000000	6.764811e+018	2.773096e-066
268.800000	-0.014092	-5.065592	0.000000	6.668216e+018	2.822672e-066
268.900000	-0.013633	-5.065133	0.000000	6.573142e+018	2.872981e-066
269.000000	-0.013175	-5.064675	0.000000	6.479567e+018	2.924031e-066
269.100000	-0.012718	-5.064218	0.000000	6.387466e+018	2.975834e-066
269.200000	-0.012263	-5.063763	0.000000	6.296819e+018	3.028398e-066
269.300000	-0.011809	-5.063309	0.000000	6.207603e+018	3.081735e-066
269.400000	-0.011357	-5.062857	0.000000	6.119795e+018	3.135854e-066
269.500000	-0.010905	-5.062405	0.000000	6.033374e+018	3.190767e-066
269.600000	-0.010455	-5.061955	0.000000	5.948320e+018	3.246484e-066
269.700000	-0.010006	-5.061506	0.000000	5.864609e+018	3.303015e-066
269.800000	-0.009559	-5.061059	0.000000	5.782223e+018	3.360372e-066
269.900000	-0.009112	-5.060612	0.000000	5.701139e+018	3.418567e-066
270.000000	-0.008667	-5.060167	0.000000	5.621338e+018	3.477609e-066
275.000000	0.012094	-5.039406	0.000000	2.902142e+018	7.727930e-066
280.000000	0.031337	-5.020163	0.000000	1.601972e+018	1.619889e-065
285.000000	0.049741	-5.001759	0.000000	9.143022e+017	3.287823e-065
290.000000	0.067667	-4.983833	0.000000	5.209485e+017	6.551519e-065
295.000000	0.085321	-4.966179	0.000000	2.909398e+017	1.291883e-064
300.000000	0.102823	-4.948677	0.000000	1.586389e+017	2.532575e-064
305.000000	0.120241	-4.931259	0.000000	8.474034e+016	4.948971e-064
310.000000	0.137615	-4.913885	0.000000	4.459392e+016	9.654440e-064
315.000000	0.154966	-4.896534	0.000000	2.323894e+016	1.881697e-063
320.000000	0.172305	-4.879195	0.000000	1.203860e+016	3.665802e-063
325.000000	0.189637	-4.861863	0.000000	6.214784e+015	7.139754e-063
330.000000	0.206966	-4.844534	0.000000	3.201807e+015	1.390411e-062
335.000000	0.224294	-4.827206	0.000000	1.647545e+015	2.707542e-062
340.000000	0.241621	-4.809879	0.000000	8.471380e+014	5.272210e-062
345.000000	0.258947	-4.792553	0.000000	4.353779e+014	1.026604e-061
350.000000	0.276273	-4.775227	0.000000	2.236919e+014	1.998983e-061
355.000000	0.293599	-4.757901	0.000000	1.149094e+014	3.892365e-061
360.000000	0.310924	-4.740576	0.000000	5.902198e+013	7.579088e-061
365.000000	0.328250	-4.723250	0.000000	3.031411e+013	1.475774e-060
370.000000	0.345576	-4.705924	0.000000	1.556900e+013	2.873574e-060
375.000000	0.362901	-4.688599	0.000000	7.995911e+012	5.595320e-060
380.000000	0.380227	-4.671273	0.000000	4.106490e+012	1.089500e-059
385.000000	0.397553	-4.653947	0.000000	2.108973e+012	2.121435e-059
390.000000	0.414879	-4.636621	0.000000	1.083104e+012	4.130779e-059
395.000000	0.432204	-4.619296	0.000000	5.562483e+011	8.043301e-059
400.000000	0.449530	-4.601970	0.000000	2.856714e+011	1.566162e-058
405.000000	0.466856	-4.584644	0.000000	1.467117e+011	3.049573e-058
410.000000	0.484181	-4.567319	0.000000	7.534641e+010	5.938015e-058
415.000000	0.501507	-4.549993	0.000000	3.869549e+010	1.156228e-057
420.000000	0.518833	-4.532667	0.000000	1.987276e+010	2.251365e-057
425.000000	0.536159	-4.515341	0.000000	1.020601e+010	4.383775e-057
430.000000	0.553484	-4.498016	0.000000	5.241477e+009	8.535925e-057
435.000000	0.570810	-4.480690	0.000000	2.691854e+009	1.662084e-056
440.000000	0.588136	-4.463364	0.000000	1.382450e+009	3.236348e-056
445.000000	0.605461	-4.446039	0.000000	7.099821e+008	6.301698e-056
450.000000	0.622787	-4.428713	0.000000	3.646241e+008	1.227043e-055
455.000000	0.640113	-4.411387	0.000000	1.872593e+008	2.389254e-055
460.000000	0.657439	-4.394061	0.000000	9.617050e+007	4.652266e-055
465.000000	0.674764	-4.376736	0.000000	4.939034e+007	9.058721e-055
470.000000	0.692090	-4.359410	0.000000	2.536542e+007	1.763881e-054
475.000000	0.709416	-4.342084	0.000000	1.302682e+007	3.434563e-054
480.000000	0.726741	-4.324759	0.000000	6.690137e+006	6.687655e-054
485.000000	0.744067	-4.307433	0.000000	3.436002e+006	1.302195e-053
490.000000	0.761393	-4.290107	0.000000	1.764900e+006	2.535587e-053
495.000000	0.778719	-4.272781	0.000000	9.066589e+005	4.937201e-053
500.000000	0.796044	-4.255456	0.000000	4.658428e+005	9.613536e-053
505.000000	0.813370	-4.238130	0.000000	2.394370e+005	1.871912e-052
510.000000	0.830696	-4.220804	0.000000	1.231464e+005	3.644918e-052
515.000000	0.848021	-4.203479	0.000000	6.335346e+004	7.097250e-052
520.000000	0.865347	-4.186153	0.000000	3.252562e+004	1.381950e-051
525.000000	0.882673	-4.168827	0.000000	1.657562e+004	2.690883e-051
530.000000	0.899999	-4.151501	0.000000	8.316608e+003	5.239587e-051
535.000000	0.917324	-4.134176	0.000000	4.068782e+003	1.020233e-050
540.000000	0.934650	-4.116850	0.000000	1.922959e+003	1.986560e-050
545.000000	0.951976	-4.099524	0.000000	8.711705e+002	3.868157e-050
550.000000	0.969301	-4.082199	0.000000	3.761977e+002	7.531932e-050
555.000000	0.986627	-4.064873	0.000000	1.542890e+002	1.466590e-049
560.000000	1.003953	-4.047547	0.000000	5.997877e+001	2.855690e-049
565.000000	1.021278	-4.030222	0.000000	2.208362e+001	5.560494e-049
570.000000	1.038604	-4.012896	0.000000	7.701661e+000	1.082719e-048
575.000000	1.055930	-3.995570	0.000000	2.545728e+000	2.108230e-048
580.000000	1.073256	-3.978244	0.000000	7.983165e-001	4.105068e-048
585.000000	1.090581	-3.960919	0.000000	2.377851e-001	7.993236e-048
590.000000	1.107907	-3.943593	0.000000	6.735924e-002	1.556413e-047
595.000000	1.125233	-3.926267	0.000000	1.817142e-002	3.030591e-047
600.000000	1.142558	-3.908942	0.000000	4.674518e-003	5.901055e-047
605.000000	1.159884	-3.891616	0.000000	1.148176e-003	1.149032e-046
610.000000	1.177210	-3.874290	0.000000	2.696217e-004	2.237352e-046
615.000000	1.194536	-3.856964	0.000000	6.060469e-005	4.356489e-046
620.000000	1.211861	-3.839639	0.000000	1.305483e-005	8.482794e-046
625.000000	1.229187	-3.822313	0.000000	2.697961e-006	1.651738e-045
630.000000	1.246513	-3.804987	0.000000	5.355027e-007	3.216204e-045
635.000000	1.263838	-3.787662	0.000000	1.021857e-007	6.262473e-045
640.000000	1.281164	-3.770336	0.000000	1.876461e-008	1.219406e-044
645.000000	1.298490	-3.753010	0.000000	3.319014e-009	2.374382e-044
650.000000	1.315816	-3.735684	0.000000	5.659500e-010	4.623308e-044
655.000000	1.333141	-3.718359	0.000000	9.311242e-011	9.002336e-044
660.000000	1.350467	-3.701033	0.000000	1.479251e-011	1.752902e-043
665.000000	1.367793	-3.683707	0.000000	2.270958e-012	3.413185e-043
670.000000	1.385118	-3.666382	0.000000	3.371492e-013	6.646028e-043
675.000000	1.402444	-3.649056	0.000000	4.843733e-014	1.294090e-042
680.000000	1.419770	-3.631730	0.000000	6.738592e-015	2.519804e-042
685.000000	1.437096	-3.614404	0.000000	9.083694e-016	4.906470e-042
690.000000	1.454421	-3.597079	0.000000	1.187195e-016	9.553697e-042
695.000000	1.471747	-3.579753	0.000000	1.505216e-017	1.860261e-041
700.000000	1.489073	-3.562427	0.000000	1.852396e-018	3.622231e-041
705.000000	1.506398	-3.545102	0.000000	2.213901e-019	7.053074e-041
710.000000	1.523724	-3.527776	0.000000	2.570954e-020	1.373349e-040
715.000000	1.541050	-3.510450	0.000000	2.902389e-021	2.674133e-040
720.000000	1.558376	-3.493124	0.000000	3.186751e-022	5.206974e-040
725.000000	1.575701	-3.475799	0.000000	3.404631e-023	1.013883e-039
730.000000	1.593027	-3.458473	0.000000	3.540889e-024	1.974195e-039
735.000000	1.610353	-3.441147	0.000000	3.586406e-025	3.844080e-039
740.000000	1.627678	-3.423822	0.000000	3.539071e-026	7.485050e-039
745.000000	1.645004	-3.406496	0.000000	3.403877e-027	1.457461e-038
750.000000	1.662330	-3.389170	0.000000	3.192121e-028	2.837915e-038
755.000000	1.679655	-3.371845	0.000000	2.919892e-029	5.525883e-038
760.000000	1.696981	-3.354519	0.000000	2.606103e-030	1.075980e-037
765.000000	1.714307	-3.337193	0.000000	2.270411e-031	2.095108e-037
770.000000	1.731633	-3.319867	0.000000	1.931310e-032	4.079516e-037
775.000000	1.748958	-3.302542	0.000000	1.604631e-033	7.943483e-037
780.000000	1.766284	-3.285216	0.000000	1.302603e-034	1.546726e-036
785.000000	1.783610	-3.267890	0.000000	1.033465e-035	3.011727e-036
790.000000	1.800935	-3.250565	0.000000	8.015974e-037	5.864324e-036
795.000000	1.818261	-3.233239	0.000000	6.080218e-038	1.141879e-035
800.000000	1.835587	-3.215913	0.000000	4.511353e-039	2.223426e-035
805.000000	1.852913	-3.198587	0.000000	3.275204e-040	4.329372e-035
810.000000	1.870238	-3.181262	0.000000	2.327179e-041	8.429993e-035
815.000000	1.887564	-3.163936	0.000000	1.618802e-042	1.641457e-034
820.000000	1.904890	-3.146610	0.000000	1.102656e-043	3.196185e-034
825.000000	1.922215	-3.129285	0.000000	7.356572e-045	6.223493e-034
830.000000	1.939541	-3.111959	0.000000	4.808446e-046	1.211816e-033
835.000000	1.956867	-3.094633	0.000000	3.079848e-047	2.359603e-033
840.000000	1.974193	-3.077307	0.000000	1.933518e-048	4.594531e-033
845.000000	1.991518	-3.059982	0.000000	1.190031e-049	8.946301e-033
850.000000	2.008844	-3.042656	0.000000	7.182146e-051	1.741991e-032
855.000000	2.026170	-3.025330	0.000000	4.251361e-052	3.391940e-032
860.000000	2.043495	-3.008005	0.000000	2.468707e-053	6.604660e-032
865.000000	2.060821	-2.990679	0.000000	1.406589e-054	1.286035e-031
870.000000	2.078147	-2.973353	0.000000	7.865141e-056	2.504120e-031
875.000000	2.095473	-2.956027	0.000000	4.316899e-057	4.875930e-031
880.000000	2.112798	-2.938702	0.000000	2.326192e-058	9.494231e-031
885.000000	2.130124	-2.921376	0.000000	1.230857e-059	1.848682e-030
890.000000	2.147450	-2.904050	0.000000	6.396423e-061	3.599684e-030
895.000000	2.164775	-2.886725	0.000000	3.265209e-062	7.009172e-030
900.000000	2.182101	-2.869399	0.000000	1.637587e-063	1.364800e-029
905.000000	2.199427	-2.852073	0.000000	8.070335e-065	2.657488e-029
910.000000	2.216753	-2.834747	0.000000	3.908810e-066	5.174563e-029
915.000000	2.234078	-2.817422	0.000000	1.860948e-067	1.007572e-028
920.000000	2.251404	-2.800096	0.000000	8.710237e-069	1.961907e-028
925.000000	2.268730	-2.782770	0.000000	4.008667e-070	3.820152e-028
930.000000	2.286055	-2.765445	0.000000	1.814308e-071	7.438460e-028
935.000000	2.303381	-2.748119	0.000000	8.076596e-073	1.448389e-027
940.000000	2.320707	-2.730793	0.000000	3.536847e-074	2.820250e-027
945.000000	2.338032	-2.713468	0.000000	1.523835e-075	5.491487e-027
950.000000	2.355358	-2.696142	0.000000	6.460329e-077	1.069282e-026
955.000000	2.372684	-2.678816	0.000000	2.695426e-078	2.082067e-026
960.000000	2.390010	-2.661490	0.000000	1.106919e-079	4.054123e-026
965.000000	2.407335	-2.644165	0.000000	4.474846e-081	7.894039e-026
970.000000	2.424661	-2.626839	0.000000	1.781032e-082	1.537098e-025
975.000000	2.441987	-2.609513	0.000000	6.979964e-084	2.992981e-025
980.000000	2.459312	-2.592188	0.000000	2.693877e-085	5.827822e-025
985.000000	2.476638	-2.574862	0.000000	1.024000e-086	1.134772e-024
990.000000	2.493964	-2.557536	0.000000	3.834188e-088	2.209586e-024
995.000000	2.511290	-2.540210	0.000000	1.414329e-089	4.302424e-024
1000.000000	2.528615	-2.522885	0.000000	5.140231e-091	8.377521e-024
1005.000000	2.545941	-2.505559	0.000000	1.840862e-092	1.631240e-023
1010.000000	2.563267	-2.488233	0.000000	6.497045e-094	3.176290e-023
1015.000000	2.580592	-2.470908	0.000000	2.260039e-095	6.184755e-023
1020.000000	2.597918	-2.453582	0.000000	7.749428e-097	1.204273e-022
1025.000000	2.615244	-2.436256	0.000000	2.619537e-098	2.344915e-022
1030.000000	2.632570	-2.418930	0.000000	8.730270e-100	4.565933e-022
1035.000000	2.649895	-2.401605	0.000000	2.868963e-101	8.890615e-022
1040.000000	2.667221	-2.384279	0.000000	9.297405e-103	1.731148e-021
1045.000000	2.684547	-2.366953	0.000000	2.971548e-104	3.370827e-021
1050.000000	2.701872	-2.349628	0.000000	9.367674e-106	6.563550e-021
1055.000000	2.719198	-2.332302	0.000000	2.913079e-107	1.278030e-020
1060.000000	2.736524	-2.314976	0.000000	8.936900e-109	2.488533e-020
1065.000000	2.753850	-2.297650	0.000000	2.705064e-110	4.845580e-020
1070.000000	2.771175	-2.280325	0.000000	8.079150e-112	9.435134e-020
1075.000000	2.788501	-2.262999	0.000000	2.381178e-113	1.837174e-019
1080.000000	2.805827	-2.245673	0.000000	6.926224e-115	3.577278e-019
1085.000000	2.823152	-2.228348	0.000000	1.988470e-116	6.965544e-019
1090.000000	2.840478	-2.211022	0.000000	5.635059e-118	1.356305e-018
1095.000000	2.857804	-2.193696	0.000000	1.576425e-119	2.640947e-018
1100.000000	2.875130	-2.176370	0.000000	4.353928e-121	5.142355e-018
1105.000000	2.892455	-2.159045	0.000000	1.187299e-122	1.001300e-017
1110.000000	2.909781	-2.141719	0.000000	3.197025e-124	1.949695e-017
1115.000000	2.927107	-2.124393	0.000000	8.501118e-126	3.796374e-017
1120.000000	2.944432	-2.107068	0.000000	2.232470e-127	7.392159e-017
1125.000000	2.961758	-2.089742	0.000000	5.790422e-129	1.439374e-016
1130.000000	2.979084	-2.072416	0.000000	1.483490e-130	2.802696e-016
1135.000000	2.996409	-2.055091	0.000000	3.754424e-132	5.457306e-016
1140.000000	3.013735	-2.037765	0.000000	9.386856e-134	1.062626e-015
1145.000000	3.031061	-2.020439	0.000000	2.318722e-135	2.069107e-015
1150.000000	3.048387	-2.003113	0.000000	5.659290e-137	4.028889e-015
1155.000000	3.065712	-1.985788	0.000000	1.364874e-138	7.844903e-015
1160.000000	3.083038	-1.968462	0.000000	3.252915e-140	1.527531e-014
1165.000000	3.100364	-1.951136	0.000000	7.661860e-142	2.974351e-014
1170.000000	3.117689	-1.933811	0.000000	1.783645e-143	5.791547e-014
1175.000000	3.135015	-1.916485	0.000000	4.104178e-145	1.127709e-013
1180.000000	3.152341	-1.899159	0.000000	9.335084e-147	2.195833e-013
1185.000000	3.169667	-1.881833	0.000000	2.099011e-148	4.275644e-013
1190.000000	3.186992	-1.864508	0.000000	4.666009e-150	8.325376e-013
1195.000000	3.204318	-1.847182	0.000000	1.025511e-151	1.621086e-012
1200.000000	3.221644	-1.829856	0.000000	2.228577e-153	3.156520e-012
1205.000000	3.238969	-1.812531	0.000000	4.788909e-155	6.146259e-012
1210.000000	3.256295	-1.795205	0.000000	1.017643e-156	1.196777e-011
1215.000000	3.273621	-1.777879	0.000000	2.138615e-158	2.330320e-011
1220.000000	3.290947	-1.760553	0.000000	4.445036e-160	4.537512e-011
1225.000000	3.308272	-1.743228	0.000000	9.138002e-162	8.835276e-011
1230.000000	3.325598	-1.725902	0.000000	1.858178e-163	1.720372e-010
1235.000000	3.342924	-1.708576	0.000000	3.737752e-165	3.349845e-010
1240.000000	3.360249	-1.691251	0.000000	7.437843e-167	6.522695e-010
1245.000000	3.377575	-1.673925	0.000000	1.464276e-168	1.270075e-009
1250.000000	3.394901	-1.656599	0.000000	2.852099e-170	2.473043e-009
1255.000000	3.412227	-1.639273	0.000000	5.496636e-172	4.815419e-009
1260.000000	3.429552	-1.621948	0.000000	1.048203e-173	9.376406e-009
1265.000000	3.446878	-1.604622	0.000000	1.978041e-175	1.825739e-008
1270.000000	3.464204	-1.587296	0.000000	3.693947e-177	3.555012e-008
1275.000000	3.481529	-1.569971	0.000000	6.827103e-179	6.922188e-008
1280.000000	3.498855	-1.552645	0.000000	1.248810e-180	1.347863e-007
1285.000000	3.516181	-1.535319	0.000000	2.260972e-182	2.624509e-007
1290.000000	3.533507	-1.517993	0.000000	4.051867e-184	5.110346e-007
1295.000000	3.550832	-1.500668	0.000000	7.187866e-186	9.950678e-007
1300.000000	3.568158	-1.483342	0.000000	1.262273e-187	1.937559e-006
1305.000000	3.585484	-1.466016	0.000000	2.194515e-189	3.772744e-006
1310.000000	3.602809	-1.448691	0.000000	3.777261e-191	7.346147e-006
1315.000000	3.620135	-1.431365	0.000000	6.437072e-193	1.430415e-005
1320.000000	3.637461	-1.414039	0.000000	1.086192e-194	2.785251e-005
1325.000000	3.654786	-1.396714	0.000000	1.814839e-196	5.423337e-005
1330.000000	3.672112	-1.379388	0.000000	3.002774e-198	1.056012e-004
1335.000000	3.689438	-1.362062	0.000000	4.919977e-200	2.056228e-004
1340.000000	3.706764	-1.344736	0.000000	7.983132e-202	4.003811e-004
1345.000000	3.724089	-1.327411	0.000000	1.283150e-203	7.796073e-004
1350.000000	3.741415	-1.310085	0.000000	2.041712e-205	1.518023e-003
1355.000000	3.758741	-1.292759	0.000000	3.219721e-207	2.955837e-003
1360.000000	3.776066	-1.275434	0.000000	5.028639e-209	5.755498e-003
1365.000000	3.793392	-1.258108	0.000000	7.777061e-211	1.120689e-002
1370.000000	3.810718	-1.240782	0.000000	1.191866e-212	2.182165e-002
1375.000000	3.828044	-1.223456	0.000000	1.810259e-214	4.249030e-002
1380.000000	3.845369	-1.206131	0.000000	2.720678e-216	8.273555e-002
1385.000000	3.862695	-1.188805	0.000000	4.061155e-218	1.610996e-001
1390.000000	3.880021	-1.171479	0.000000	5.968112e-220	3.136872e-001
1395.000000	3.897346	-1.154154	0.000000	8.829730e-222	6.108002e-001
1400.000000	3.914672	-1.136828	0.000000	1.251411e-223	1.189328e+000
1405.000000	3.931998	-1.119502	0.000000	1.823065e-225	2.315815e+000
1410.000000	3.949324	-1.102176	0.000000	2.536768e-227	4.509269e+000
1415.000000	3.966649	-1.084851	0.000000	3.564457e-229	8.780281e+000
1420.000000	3.983975	-1.067525	0.000000	5.045645e-231	1.709664e+001
1425.000000	4.001301	-1.050199	0.000000	7.359107e-233	3.328995e+001
1430.000000	4.018626	-1.032874	0.000000	1.084090e-234	6.482095e+001
1435.000000	4.035952	-1.015548	0.000000	1.358463e-236	1.262170e+002
1440.000000	4.053278	-0.998222	0.000000	2.233785e-238	2.457650e+002
1445.000000	4.070604	-0.980896	0.000000	3.339721e-240	4.785446e+002
1450.000000	4.087929	-0.963571	0.000000	3.241740e-242	9.318043e+002
1455.000000	4.105255	-0.946245	0.000000	6.256977e-244	1.814375e+003
1460.000000	4.122581	-0.928919	0.000000	3.006435e-246	3.532884e+003
1465.000000	4.139906	-0.911594	0.000000	1.439027e-247	6.879101e+003
1470.000000	4.157232	-0.894268	0.000000	2.402648e-252	1.339473e+004
1475.000000	4.174558	-0.876942	0.000000	1.610364e-251	2.608173e+004
1480.000000	4.191883	-0.859617	0.000000	8.273454e-253	5.078537e+004
1485.000000	4.209209	-0.842291	0.000000	7.172138e-254	9.888740e+004
1490.000000	4.226535	-0.824965	0.000000	1.442612e-255	1.925499e+005
1495.000000	4.243861	-0.807639	0.000000	2.747685e-259	3.749261e+005
1500.000000	4.261186	-0.790314	0.000000	9.670220e-260	7.300422e+005
1505.000000	4.278512	-0.772988	0.000000	2.356586e-261	1.421511e+006
1510.000000	4.295838	-0.755662	0.000000	2.308429e-261	2.767914e+006
1515.000000	4.313163	-0.738337	0.000000	2.651609e-264	5.389580e+006
1520.000000	4.330489	-0.721011	0.000000	1.573718e-264	1.049439e+007
1525.000000	4.347815	-0.703685	0.000000	9.020470e-268	2.043429e+007
1530.000000	4.365141	-0.686359	0.000000	6.640130e-266	3.978890e+007
1535.000000	4.382466	-0.669034	0.000000	1.571110e-271	7.747547e+007
1540.000000	4.399792	-0.651708	0.000000	1.878579e-268	1.508574e+008
1545.000000	4.417118	-0.634382	0.000000	3.999543e-272	2.937439e+008
1550.000000	4.434443	-0.617057	0.000000	4.054634e-273	5.719673e+008
1555.000000	4.451769	-0.599731	0.000000	1.583438e-273	1.113714e+009
1560.000000	4.469095	-0.582405	0.000000	1.096085e-274	2.168582e+009
1565.000000	4.486421	-0.565079	0.000000	7.679894e-277	4.222583e+009
1570.000000	4.503746	-0.547754	0.000000	1.533719e-277	8.222057e+009
1575.000000	4.521072	-0.530428	0.000000	4.431839e-278	1.600969e+010
1580.000000	4.538398	-0.513102	0.000000	4.427149e-280	3.117347e+010
1585.000000	4.555723	-0.495777	0.000000	4.745657e-281	6.069983e+010
1590.000000	4.573049	-0.478451	0.000000	1.195421e-279	1.181925e+011
1595.000000	4.590375	-0.461125	0.000000	1.823832e-282	2.301400e+011
1600.000000	4.607701	-0.443799	0.000000	6.095249e-286	4.481201e+011
1605.000000	4.625026	-0.426474	0.000000	3.548317e-288	8.725629e+011
1610.000000	4.642352	-0.409148	0.000000	1.169606e-285	1.699022e+012
1615.000000	4.659678	-0.391822	0.000000	1.409987e-287	3.308274e+012
1620.000000	4.677003	-0.374497	0.000000	1.334282e-290	6.441750e+012
1625.000000	4.694329	-0.357171	0.000000	9.242912e-292	1.254314e+013
1630.000000	4.711655	-0.339845	0.000000	1.701916e-292	2.442355e+013
1635.000000	4.728981	-0.322519	0.000000	8.484156e-295	4.755669e+013
1640.000000	4.746306	-0.305194	0.000000	2.837903e-294	9.260081e+013
1645.000000	4.763632	-0.287868	0.000000	2.063503e-295	1.803096e+014
1650.000000	4.780958	-0.270542	0.000000	2.535929e-298	3.510947e+014
1655.000000	4.798284	-0.253216	0.000000	1.232258e-297	6.836486e+014
1660.000000	4.815611	-0.235889	0.000000	2.430056e-300	1.331213e+015
1665.000000	4.832938	-0.218562	0.000000	7.937636e-301	2.592232e+015
1670.000000	4.850266	-0.201234	0.000000	1.283913e-302	5.048039e+015
1675.000000	4.867597	-0.183903	0.000000	9.088126e-302	9.831407e+015
1680.000000	4.884934	-0.166566	0.000000	8.932192e-307	1.915114e+016
1685.000000	4.902280	-0.149220	0.000000	6.941728e-305	3.731993e+016
1690.000000	4.919646	-0.131854	0.000000	1.635746e-311	7.278019e+016
1695.000000	4.937050	-0.114450	0.000000	3.540520e-308	1.421417e+017
1700.000000	4.954528	-0.096972	0.000000	2.612094e-309	2.784017e+017
1705.000000	4.972152	-0.079348	0.000000	3.119196e-311	5.483462e+017
1710.000000	4.990063	-0.061437	0.000000	8.245275e-313	1.092017e+018
1715.000000	5.008545	-0.042955	0.000000	1.121519e-315	2.223033e+018
1720.000000	5.028189	-0.023311	0.000000	5.217671e-314	4.732466e+018
1725.000000	5.050310	-0.001190	0.000000	2.217419e-314	1.108107e+019
1730.000000	5.078227	0.026727	0.000000	1.750771e-315	3.242666e+019
1735.000000	5.123108	0.071608	0.000000	2.107980e-319	1.822084e+020
1740.000000	5.781247	-0.049953	0.000000	3.887852e-319	1.698488e+018
1750.000000	5.721766	-0.109434	0.000000	1.679823e-322	1.723883e+017
1760.000000	5.662649	-0.168551	0.000000	3.952525e-323	1.774367e+016
1770.000000	5.603570	-0.227630	0.000000	0.000000e+000	1.828966e+015
1780.000000	5.544494	-0.286706	0.000000	0.000000e+000	1.885527e+014
1790.000000	5.485419	-0.345781	0.000000	0.000000e+000	1.943866e+013
1800.000000	5.426345	-0.404855	0.000000	0.000000e+000	2.004014e+012
1810.000000	5.367270	-0.463930	0.000000	0.000000e+000	2.066023e+011
1820.000000	5.308195	-0.523005	0.000000	0.000000e+000	2.129950e+010
1830.000000	5.249120	-0.582080	0.000000	0.000000e+000	2.195856e+009
1840.000000	5.190045	-0.641155	0.000000	0.000000e+000	2.263801e+008
1850.000000	5.130970	-0.700230	0.000000	0.000000e+000	2.333848e+007
1860.000000	5.071895	-0.759305	0.000000	0.000000e+000	2.406063e+006
1870.000000	5.012820	-0.818380	0.000000	0.000000e+000	2.480513e+005
1880.000000	4.953745	-0.877455	0.000000	0.000000e+000	2.557266e+004
1890.000000	4.894670	-0.936530	0.000000	0.000000e+000	2.636394e+003
1900.000000	4.835595	-0.995605	0.000000	0.000000e+000	2.717970e+002
1910.000000	4.776521	-1.054679	0.000000	0.000000e+000	2.802070e+001
1920.000000	4.717446	-1.113754	0.000000	0.000000e+000	2.888773e+000
1930.000000	4.658371	-1.172829	0.000000	0.000000e+000	2.978159e-001
1940.000000	4.599296	-1.231904	0.000000	0.000000e+000	3.070310e-002
1950.000000	4.540221	-1.290979	0.000000	0.000000e+000	3.165313e-003
1960.000000	4.481146	-1.350054	0.000000	0.000000e+000	3.263255e-004
1970.000000	4.422071	-1.409129	0.000000	0.000000e+000	3.364228e-005
1980.000000	4.362996	-1.468204	0.000000	0.000000e+000	3.468325e-006
1990.000000	4.303921	-1.527279	0.000000	0.000000e+000	3.575643e-007
2000.000000	4.244846	-1.586354	0.000000	0.000000e+000	3.686282e-008
2010.000000	4.185772	-1.645428	0.000000	0.000000e+000	3.800345e-009
2020.000000	4.126697	-1.704503	0.000000	0.000000e+000	3.917937e-010
2030.000000	4.067622	-1.763578	0.000000	0.000000e+000	4.039167e-011
2040.000000	4.008547	-1.822653	0.000000	0.000000e+000	4.164148e-012
2050.000000	3.949472	-1.881728	0.000000	0.000000e+000	4.292997e-013
2060.000000	3.890397	-1.940803	0.000000	0.000000e+000	4.425833e-014
2070.000000	3.831322	-1.999878	0.000000	0.000000e+000	4.562779e-015
2080.000000	3.772247	-2.058953	0.000000	0.000000e+000	4.703962e-016
2090.000000	3.713172	-2.118028	0.000000	0.000000e+000	4.849514e-017
2100.000000	3.654097	-2.177103	0.000000	0.000000e+000	4.999569e-018
2110.000000	3.595022	-2.236178	0.000000	0.000000e+000	5.154268e-019
2120.000000	3.535948	-2.295252	0.000000	0.000000e+000	5.313753e-020
2130.000000	3.476873	-2.354327	0.000000	0.000000e+000	5.478173e-021
2140.000000	3.417798	-2.413402	0.000000	0.000000e+000	5.647681e-022
2150.000000	3.358723	-2.472477	0.000000	0.000000e+000	5.822434e-023
2160.000000	3.299648	-2.531552	0.000000	0.000000e+000	6.002594e-024
2170.000000	3.240573	-2.590627	0.000000	0.000000e+000	6.188329e-025
2180.000000	3.181498	-2.649702	0.000000	0.000000e+000	6.379810e-026
2190.000000	3.122423	-2.708777	0.000000	0.000000e+000	6.577217e-027
2200.000000	3.063348	-2.767852	0.000000	0.000000e+000	6.780732e-028
2210.000000	3.004273	-2.826927	0.000000	0.000000e+000	6.990544e-029
2220.000000	2.945198	-2.886002	0.000000	0.000000e+000	7.206848e-030
2230.000000	2.886124	-2.945076	0.000000	0.000000e+000	7.429845e-031
2240.000000	2.827049	-3.004151	0.000000	0.000000e+000	7.659742e-032
2250.000000	2.767974	-3.063226	0.000000	0.000000e+000	7.896753e-033
2260.000000	2.708899	-3.122301	0.000000	0.000000e+000	8.141097e-034
2270.000000	2.649824	-3.181376	0.000000	0.000000e+000	8.393002e-035
2280.000000	2.590749	-3.240451	0.000000	0.000000e+000	8.652702e-036
2290.000000	2.531674	-3.299526	0.000000	0.000000e+000	8.920437e-037
2300.000000	2.472599	-3.358601	0.000000	0.000000e+000	9.196457e-038
2310.000000	2.413524	-3.417676	0.000000	0.000000e+000	9.481017e-039
2320.000000	2.354449	-3.476751	0.000000	0.000000e+000	9.774383e-040
2330.000000	2.295375	-3.535825	0.000000	0.000000e+000	1.007683e-040
2340.000000	2.236300	-3.594900	0.000000	0.000000e+000	1.038863e-041
2350.000000	2.177225	-3.653975	0.000000	0.000000e+000	1.071008e-042
2360.000000	2.118150	-3.713050	0.000000	0.000000e+000	1.104147e-043
2370.000000	2.059075	-3.772125	0.000000	0.000000e+000	1.138312e-044
2380.000000	2.000000	-3.831200	0.000000	0.000000e+000	1.173534e-045
