x	Ec	Ev	Ef	n	p
0.000000	2.500000	-3.223500	0.000000	1.725373e-005	1.660711e-035
5.000000	2.383023	-3.340477	0.000000	3.888018e-006	1.846528e-037
10.000000	2.269214	-3.454286	0.000000	1.078030e-005	2.319188e-039
15.000000	2.158574	-3.564926	0.000000	2.166752e-005	3.290290e-041
20.000000	2.051101	-3.672399	0.000000	1.283477e-006	5.272914e-043
25.000000	1.946797	-3.776703	0.000000	4.348466e-006	9.545207e-045
30.000000	1.845660	-3.877840	0.000000	5.235308e-005	1.951813e-046
35.000000	1.747692	-3.975808	0.000000	2.076875e-005	4.508264e-048
40.000000	1.652891	-4.070609	0.000000	3.193234e-004	1.176247e-049
45.000000	1.561259	-4.162241	0.000000	4.695930e-003	3.466620e-051
50.000000	1.472795	-4.250705	0.000000	6.321050e-002	1.154070e-052
55.000000	1.387498	-4.336002	0.000000	7.690429e-001	4.339862e-054
60.000000	1.305370	-4.418130	0.000000	8.467354e+000	1.843479e-055
65.000000	1.226410	-4.497090	0.000000	8.455703e+001	8.845421e-057
70.000000	1.150618	-4.572882	0.000000	7.677123e+002	4.794211e-058
75.000000	1.077994	-4.645506	0.000000	6.351162e+003	2.935175e-059
80.000000	1.008539	-4.714961	0.000000	4.795922e+004	2.029873e-060
85.000000	0.942251	-4.781249	0.000000	3.309380e+005	1.585704e-061
90.000000	0.879131	-4.844369	0.000000	2.087870e+006	1.399245e-062
95.000000	0.819179	-4.904321	0.000000	1.204381e+007	1.394708e-063
100.000000	0.762396	-4.961104	0.000000	6.350726e+007	1.570331e-064
105.000000	0.708780	-5.014720	0.000000	3.060002e+008	1.997180e-065
110.000000	0.658333	-5.065167	0.000000	1.346742e+009	2.869205e-066
115.000000	0.611054	-5.112446	0.000000	5.411797e+009	4.656120e-067
120.000000	0.566942	-5.156558	0.000000	1.984877e+010	8.535026e-068
125.000000	0.525999	-5.197501	0.000000	6.642200e+010	1.767274e-068
130.000000	0.488224	-5.235276	0.000000	2.027405e+011	4.133529e-069
135.000000	0.453617	-5.269883	0.000000	5.642812e+011	1.092085e-069
140.000000	0.422178	-5.301322	0.000000	1.431748e+012	3.259192e-070
145.000000	0.393907	-5.329593	0.000000	3.310975e+012	1.098707e-070
150.000000	0.368804	-5.354696	0.000000	6.977144e+012	4.183807e-071
155.000000	0.346869	-5.376631	0.000000	1.339553e+013	1.799616e-071
160.000000	0.328102	-5.395398	0.000000	2.342890e+013	8.743917e-072
165.000000	0.312503	-5.410997	0.000000	3.732989e+013	4.798995e-072
170.000000	0.300073	-5.423427	0.000000	5.421121e+013	2.975174e-072
175.000000	0.290810	-5.432690	0.000000	7.197182e+013	2.083495e-072
180.000000	0.284715	-5.438785	0.000000	8.886638e+013	1.648124e-072
185.000000	0.281789	-5.441711	0.000000	1.118929e+014	1.472669e-072
190.000000	0.282030	-5.441470	0.000000	2.023100e+014	1.486406e-072
190.100000	0.282035	-5.441465	0.000000	2.067773e+014	1.486682e-072
190.200000	0.282040	-5.441460	0.000000	2.114154e+014	1.486958e-072
190.300000	0.282045	-5.441455	0.000000	2.162312e+014	1.487234e-072
190.400000	0.282049	-5.441451	0.000000	2.212313e+014	1.487510e-072
190.500000	0.282054	-5.441446	0.000000	2.264230e+014	1.487786e-072
190.600000	0.282059	-5.441441	0.000000	2.318136e+014	1.488063e-072
190.700000	0.282064	-5.441436	0.000000	2.374108e+014	1.488339e-072
190.800000	0.282069	-5.441431	0.000000	2.432227e+014	1.488615e-072
190.900000	0.282074	-5.441426	0.000000	2.492575e+014	1.488892e-072
191.000000	0.282078	-5.441422	0.000000	2.555238e+014	1.489168e-072
191.100000	0.282083	-5.441417	0.000000	2.620306e+014	1.489445e-072
191.200000	0.282088	-5.441412	0.000000	2.687871e+014	1.489721e-072
191.300000	0.282093	-5.441407	0.000000	2.758030e+014	1.489998e-072
191.400000	0.282098	-5.441402	0.000000	2.830883e+014	1.490274e-072
191.500000	0.282103	-5.441397	0.000000	2.906533e+014	1.490551e-072
191.600000	0.282107	-5.441393	0.000000	2.985089e+014	1.490828e-072
191.700000	0.282112	-5.441388	0.000000	3.066663e+014	1.491104e-072
191.800000	0.282117	-5.441383	0.000000	3.151370e+014	1.491381e-072
191.900000	0.282122	-5.441378	0.000000	3.239332e+014	1.491658e-072
192.000000	0.282127	-5.441373	0.000000	3.330674e+014	1.491935e-072
192.100000	0.282131	-5.441369	0.000000	3.425526e+014	1.492212e-072
192.200000	0.282136	-5.441364	0.000000	3.524024e+014	1.492489e-072
192.300000	0.282141	-5.441359	0.000000	3.626306e+014	1.492766e-072
192.400000	0.282146	-5.441354	0.000000	3.732520e+014	1.493043e-072
192.500000	0.282151	-5.441349	0.000000	3.842817e+014	1.493320e-072
192.600000	0.282156	-5.441344	0.000000	3.957353e+014	1.493598e-072
192.700000	0.282160	-5.441340	0.000000	4.076291e+014	1.493875e-072
192.800000	0.282165	-5.441335	0.000000	4.199802e+014	1.494152e-072
192.900000	0.282170	-5.441330	0.000000	4.328060e+014	1.494429e-072
193.000000	0.282175	-5.441325	0.000000	4.461248e+014	1.494707e-072
193.100000	0.282180	-5.441320	0.000000	4.599556e+014	1.494984e-072
193.200000	0.282185	-5.441315	0.000000	4.743181e+014	1.495262e-072
193.300000	0.282189	-5.441311	0.000000	4.892327e+014	1.495539e-072
193.400000	0.282194	-5.441306	0.000000	5.047206e+014	1.495817e-072
193.500000	0.282199	-5.441301	0.000000	5.208038e+014	1.496095e-072
193.600000	0.282204	-5.441296	0.000000	5.375053e+014	1.496372e-072
193.700000	0.282209	-5.441291	0.000000	5.548487e+014	1.496650e-072
193.800000	0.282214	-5.441286	0.000000	5.728587e+014	1.496928e-072
193.900000	0.282218	-5.441282	0.000000	5.915610e+014	1.497205e-072
194.000000	0.282223	-5.441277	0.000000	6.109820e+014	1.497483e-072
194.100000	0.282228	-5.441272	0.000000	6.311495e+014	1.497761e-072
194.200000	0.282233	-5.441267	0.000000	6.520921e+014	1.498039e-072
194.300000	0.282238	-5.441262	0.000000	6.738396e+014	1.498317e-072
194.400000	0.282242	-5.441258	0.000000	6.964228e+014	1.498595e-072
194.500000	0.282247	-5.441253	0.000000	7.198738e+014	1.498873e-072
194.600000	0.282252	-5.441248	0.000000	7.442260e+014	1.499151e-072
194.700000	0.282257	-5.441243	0.000000	7.695140e+014	1.499429e-072
194.800000	0.282262	-5.441238	0.000000	7.957737e+014	1.499708e-072
194.900000	0.282267	-5.441233	0.000000	8.230423e+014	1.499986e-072
195.000000	0.282271	-5.441229	0.000000	8.513587e+014	1.500264e-072
195.100000	0.282276	-5.441224	0.000000	8.807631e+014	1.500543e-072
195.200000	0.282281	-5.441219	0.000000	9.112972e+014	1.500821e-072
195.300000	0.282286	-5.441214	0.000000	9.430044e+014	1.501099e-072
195.400000	0.282291	-5.441209	0.000000	9.759297e+014	1.501378e-072
195.500000	0.282296	-5.441204	0.000000	1.010120e+015	1.501656e-072
195.600000	0.282300	-5.441200	0.000000	1.045624e+015	1.501935e-072
195.700000	0.282305	-5.441195	0.000000	1.082491e+015	1.502213e-072
195.800000	0.282310	-5.441190	0.000000	1.120775e+015	1.502492e-072
195.900000	0.282315	-5.441185	0.000000	1.160529e+015	1.502771e-072
196.000000	0.282320	-5.441180	0.000000	1.201811e+015	1.503049e-072
196.100000	0.282324	-5.441176	0.000000	1.244678e+015	1.503328e-072
196.200000	0.282329	-5.441171	0.000000	1.289191e+015	1.503607e-072
196.300000	0.282334	-5.441166	0.000000	1.335415e+015	1.503886e-072
196.400000	0.282339	-5.441161	0.000000	1.383414e+015	1.504164e-072
196.500000	0.282344	-5.441156	0.000000	1.433256e+015	1.504443e-072
196.600000	0.282349	-5.441151	0.000000	1.485013e+015	1.504722e-072
196.700000	0.282353	-5.441147	0.000000	1.538757e+015	1.505001e-072
196.800000	0.282358	-5.441142	0.000000	1.594566e+015	1.505280e-072
196.900000	0.282363	-5.441137	0.000000	1.652518e+015	1.505559e-072
197.000000	0.282368	-5.441132	0.000000	1.712696e+015	1.505838e-072
197.100000	0.282373	-5.441127	0.000000	1.775185e+015	1.506117e-072
197.200000	0.282377	-5.441123	0.000000	1.840074e+015	1.506397e-072
197.300000	0.282382	-5.441118	0.000000	1.907455e+015	1.506676e-072
197.400000	0.282387	-5.441113	0.000000	1.977424e+015	1.506955e-072
197.500000	0.282392	-5.441108	0.000000	2.050080e+015	1.507234e-072
197.600000	0.282397	-5.441103	0.000000	2.125527e+015	1.507513e-072
197.700000	0.282402	-5.441098	0.000000	2.203871e+015	1.507793e-072
197.800000	0.282406	-5.441094	0.000000	2.285225e+015	1.508072e-072
197.900000	0.282411	-5.441089	0.000000	2.369702e+015	1.508351e-072
198.000000	0.282416	-5.441084	0.000000	2.457425e+015	1.508631e-072
198.100000	0.282421	-5.441079	0.000000	2.548516e+015	1.508910e-072
198.200000	0.282426	-5.441074	0.000000	2.643106e+015	1.509189e-072
198.300000	0.282430	-5.441070	0.000000	2.741329e+015	1.509469e-072
198.400000	0.282435	-5.441065	0.000000	2.843325e+015	1.509748e-072
198.500000	0.282440	-5.441060	0.000000	2.949238e+015	1.510028e-072
198.600000	0.282445	-5.441055	0.000000	3.059219e+015	1.510307e-072
198.700000	0.282450	-5.441050	0.000000	3.173425e+015	1.510587e-072
198.800000	0.282455	-5.441045	0.000000	3.292018e+015	1.510866e-072
198.900000	0.282459	-5.441041	0.000000	3.415166e+015	1.511146e-072
199.000000	0.282464	-5.441036	0.000000	3.543044e+015	1.511425e-072
199.100000	0.282469	-5.441031	0.000000	3.675835e+015	1.511705e-072
199.200000	0.282474	-5.441026	0.000000	3.813727e+015	1.511984e-072
199.300000	0.282479	-5.441021	0.000000	3.956916e+015	1.512264e-072
199.400000	0.282483	-5.441017	0.000000	4.105606e+015	1.512544e-072
199.500000	0.282488	-5.441012	0.000000	4.260008e+015	1.512823e-072
199.600000	0.282493	-5.441007	0.000000	4.420343e+015	1.513103e-072
199.700000	0.282498	-5.441002	0.000000	4.586837e+015	1.513382e-072
199.800000	0.282503	-5.440997	0.000000	4.759729e+015	1.513662e-072
199.900000	0.282507	-5.440993	0.000000	4.939263e+015	1.513942e-072
200.000000	0.282512	-5.440988	0.000000	5.125696e+015	1.514221e-072
200.100000	0.282517	-5.440983	0.000000	5.319292e+015	1.514501e-072
200.200000	0.282522	-5.440978	0.000000	5.520328e+015	1.514780e-072
200.300000	0.282527	-5.440973	0.000000	5.729089e+015	1.515060e-072
200.400000	0.282531	-5.440969	0.000000	5.945873e+015	1.515340e-072
200.500000	0.282536	-5.440964	0.000000	6.170988e+015	1.515619e-072
200.600000	0.282541	-5.440959	0.000000	6.404755e+015	1.515899e-072
200.700000	0.282546	-5.440954	0.000000	6.647506e+015	1.516178e-072
200.800000	0.282551	-5.440949	0.000000	6.899587e+015	1.516458e-072
200.900000	0.282555	-5.440945	0.000000	7.161358e+015	1.516737e-072
201.000000	0.282560	-5.440940	0.000000	7.433191e+015	1.517017e-072
201.100000	0.282565	-5.440935	0.000000	7.715473e+015	1.517296e-072
201.200000	0.282570	-5.440930	0.000000	8.008606e+015	1.517575e-072
201.300000	0.282574	-5.440926	0.000000	8.313009e+015	1.517855e-072
201.400000	0.282579	-5.440921	0.000000	8.629114e+015	1.518134e-072
201.500000	0.282584	-5.440916	0.000000	8.957373e+015	1.518413e-072
201.600000	0.282589	-5.440911	0.000000	9.298253e+015	1.518693e-072
201.700000	0.282594	-5.440906	0.000000	9.652240e+015	1.518972e-072
201.800000	0.282598	-5.440902	0.000000	1.001984e+016	1.519251e-072
201.900000	0.282603	-5.440897	0.000000	1.040157e+016	1.519530e-072
202.000000	0.282608	-5.440892	0.000000	1.079799e+016	1.519809e-072
202.100000	0.282613	-5.440887	0.000000	1.120964e+016	1.520088e-072
202.200000	0.282617	-5.440883	0.000000	1.163714e+016	1.520367e-072
202.300000	0.282622	-5.440878	0.000000	1.208107e+016	1.520645e-072
202.400000	0.282627	-5.440873	0.000000	1.254208e+016	1.520924e-072
202.500000	0.282632	-5.440868	0.000000	1.302082e+016	1.521203e-072
202.600000	0.282637	-5.440863	0.000000	1.351797e+016	1.521481e-072
202.700000	0.282641	-5.440859	0.000000	1.403425e+016	1.521760e-072
202.800000	0.282646	-5.440854	0.000000	1.457040e+016	1.522038e-072
202.900000	0.282651	-5.440849	0.000000	1.512717e+016	1.522316e-072
203.000000	0.282656	-5.440844	0.000000	1.570536e+016	1.522594e-072
203.100000	0.282660	-5.440840	0.000000	1.630580e+016	1.522872e-072
203.200000	0.282665	-5.440835	0.000000	1.692934e+016	1.523150e-072
203.300000	0.282670	-5.440830	0.000000	1.757687e+016	1.523428e-072
203.400000	0.282675	-5.440825	0.000000	1.824933e+016	1.523705e-072
203.500000	0.282679	-5.440821	0.000000	1.894766e+016	1.523983e-072
203.600000	0.282684	-5.440816	0.000000	1.967287e+016	1.524260e-072
203.700000	0.282689	-5.440811	0.000000	2.042599e+016	1.524537e-072
203.800000	0.282693	-5.440807	0.000000	2.120810e+016	1.524814e-072
203.900000	0.282698	-5.440802	0.000000	2.202032e+016	1.525091e-072
204.000000	0.282703	-5.440797	0.000000	2.286379e+016	1.525367e-072
204.100000	0.282708	-5.440792	0.000000	2.373974e+016	1.525644e-072
204.200000	0.282712	-5.440788	0.000000	2.464942e+016	1.525920e-072
204.300000	0.282717	-5.440783	0.000000	2.559411e+016	1.526196e-072
204.400000	0.282722	-5.440778	0.000000	2.657518e+016	1.526471e-072
204.500000	0.282726	-5.440774	0.000000	2.759402e+016	1.526747e-072
204.600000	0.282731	-5.440769	0.000000	2.865209e+016	1.527022e-072
204.700000	0.282736	-5.440764	0.000000	2.975091e+016	1.527297e-072
204.800000	0.282740	-5.440760	0.000000	3.089204e+016	1.527571e-072
204.900000	0.282745	-5.440755	0.000000	3.207712e+016	1.527846e-072
205.000000	0.282750	-5.440750	0.000000	3.330784e+016	1.528120e-072
205.100000	0.282754	-5.440746	0.000000	3.458596e+016	1.528393e-072
205.200000	0.282759	-5.440741	0.000000	3.591332e+016	1.528667e-072
205.300000	0.282764	-5.440736	0.000000	3.729180e+016	1.528940e-072
205.400000	0.282768	-5.440732	0.000000	3.872338e+016	1.529212e-072
205.500000	0.282773	-5.440727	0.000000	4.021011e+016	1.529485e-072
205.600000	0.282778	-5.440722	0.000000	4.175412e+016	1.529756e-072
205.700000	0.282782	-5.440718	0.000000	4.335762e+016	1.530028e-072
205.800000	0.282787	-5.440713	0.000000	4.502289e+016	1.530299e-072
205.900000	0.282791	-5.440709	0.000000	4.675233e+016	1.530570e-072
206.000000	0.282796	-5.440704	0.000000	4.854841e+016	1.530840e-072
206.100000	0.282801	-5.440699	0.000000	5.041371e+016	1.531109e-072
206.200000	0.282805	-5.440695	0.000000	5.235088e+016	1.531378e-072
206.300000	0.282810	-5.440690	0.000000	5.436271e+016	1.531647e-072
206.400000	0.282814	-5.440686	0.000000	5.645208e+016	1.531915e-072
206.500000	0.282819	-5.440681	0.000000	5.862198e+016	1.532182e-072
206.600000	0.282823	-5.440677	0.000000	6.087551e+016	1.532449e-072
206.700000	0.282828	-5.440672	0.000000	6.321591e+016	1.532716e-072
206.800000	0.282832	-5.440668	0.000000	6.564652e+016	1.532981e-072
206.900000	0.282837	-5.440663	0.000000	6.817084e+016	1.533246e-072
207.000000	0.282841	-5.440659	0.000000	7.079247e+016	1.533510e-072
207.100000	0.282846	-5.440654	0.000000	7.351517e+016	1.533774e-072
207.200000	0.282850	-5.440650	0.000000	7.634285e+016	1.534036e-072
207.300000	0.282855	-5.440645	0.000000	7.927955e+016	1.534298e-072
207.400000	0.282859	-5.440641	0.000000	8.232949e+016	1.534559e-072
207.500000	0.282863	-5.440637	0.000000	8.549703e+016	1.534819e-072
207.600000	0.282868	-5.440632	0.000000	8.878672e+016	1.535079e-072
207.700000	0.282872	-5.440628	0.000000	9.220328e+016	1.535337e-072
207.800000	0.282877	-5.440623	0.000000	9.575160e+016	1.535594e-072
207.900000	0.282881	-5.440619	0.000000	9.943677e+016	1.535851e-072
208.000000	0.282885	-5.440615	0.000000	1.032641e+017	1.536106e-072
208.100000	0.282890	-5.440610	0.000000	1.072390e+017	1.536360e-072
208.200000	0.282894	-5.440606	0.000000	1.113672e+017	1.536613e-072
208.300000	0.282898	-5.440602	0.000000	1.156547e+017	1.536865e-072
208.400000	0.282902	-5.440598	0.000000	1.201076e+017	1.537115e-072
208.500000	0.282907	-5.440593	0.000000	1.247323e+017	1.537365e-072
208.600000	0.282911	-5.440589	0.000000	1.295354e+017	1.537613e-072
208.700000	0.282915	-5.440585	0.000000	1.345237e+017	1.537859e-072
208.800000	0.282919	-5.440581	0.000000	1.397046e+017	1.538104e-072
208.900000	0.282923	-5.440577	0.000000	1.450853e+017	1.538348e-072
209.000000	0.282927	-5.440573	0.000000	1.506737e+017	1.538590e-072
209.100000	0.282931	-5.440569	0.000000	1.564777e+017	1.538830e-072
209.200000	0.282935	-5.440565	0.000000	1.625057e+017	1.539069e-072
209.300000	0.282939	-5.440561	0.000000	1.687663e+017	1.539306e-072
209.400000	0.282943	-5.440557	0.000000	1.752685e+017	1.539541e-072
209.500000	0.282947	-5.440553	0.000000	1.820217e+017	1.539774e-072
209.600000	0.282951	-5.440549	0.000000	1.890355e+017	1.540005e-072
209.700000	0.282955	-5.440545	0.000000	1.963200e+017	1.540234e-072
209.800000	0.282959	-5.440541	0.000000	2.038857e+017	1.540461e-072
209.900000	0.282963	-5.440537	0.000000	2.117434e+017	1.540686e-072
210.000000	0.652626	-5.627374	0.000000	2.377345e+017	1.166460e-075
210.100000	0.650227	-5.629773	0.000000	2.478361e+017	1.063613e-075
210.200000	0.647827	-5.632173	0.000000	2.585387e+017	9.698318e-076
210.300000	0.645427	-5.634573	0.000000	2.698740e+017	8.843181e-076
210.400000	0.643027	-5.636973	0.000000	2.818755e+017	8.063429e-076
210.500000	0.640627	-5.639373	0.000000	2.945786e+017	7.352416e-076
210.600000	0.638227	-5.641773	0.000000	3.080207e+017	6.704085e-076
210.700000	0.635826	-5.644174	0.000000	3.222412e+017	6.112909e-076
210.800000	0.633426	-5.646574	0.000000	3.372816e+017	5.573851e-076
210.900000	0.631026	-5.648974	0.000000	3.531859e+017	5.082317e-076
211.000000	0.628625	-5.651375	0.000000	3.700002e+017	4.634117e-076
211.100000	0.626225	-5.653775	0.000000	3.877732e+017	4.225431e-076
211.200000	0.623825	-5.656175	0.000000	4.065563e+017	3.852777e-076
211.300000	0.621424	-5.658576	0.000000	4.264036e+017	3.512979e-076
211.400000	0.619023	-5.660977	0.000000	4.473720e+017	3.203139e-076
211.500000	0.616623	-5.663377	0.000000	4.695214e+017	2.920617e-076
211.600000	0.614222	-5.665778	0.000000	4.929150e+017	2.663005e-076
211.700000	0.611821	-5.668179	0.000000	5.176194e+017	2.428106e-076
211.800000	0.609420	-5.670580	0.000000	5.437044e+017	2.213920e-076
211.900000	0.607019	-5.672981	0.000000	5.712437e+017	2.018619e-076
212.000000	0.604617	-5.675383	0.000000	6.003149e+017	1.840539e-076
212.100000	0.602216	-5.677784	0.000000	6.309992e+017	1.678162e-076
212.200000	0.599815	-5.680185	0.000000	6.633827e+017	1.530103e-076
212.300000	0.597413	-5.682587	0.000000	6.975553e+017	1.395100e-076
212.400000	0.595011	-5.684989	0.000000	7.336119e+017	1.272002e-076
212.500000	0.592609	-5.687391	0.000000	7.716523e+017	1.159759e-076
212.600000	0.590207	-5.689793	0.000000	8.117812e+017	1.057415e-076
212.700000	0.587805	-5.692195	0.000000	8.541089e+017	9.640973e-077
212.800000	0.585403	-5.694597	0.000000	8.987511e+017	8.790091e-077
212.900000	0.583000	-5.697000	0.000000	9.458296e+017	8.014253e-077
213.000000	0.580598	-5.699402	0.000000	9.954722e+017	7.306843e-077
213.100000	0.578195	-5.701805	0.000000	1.047813e+018	6.661827e-077
213.200000	0.575792	-5.704208	0.000000	1.102994e+018	6.073704e-077
213.300000	0.573389	-5.706611	0.000000	1.161163e+018	5.537457e-077
213.400000	0.570985	-5.709015	0.000000	1.222475e+018	5.048514e-077
213.500000	0.568581	-5.711419	0.000000	1.287095e+018	4.602702e-077
213.600000	0.566177	-5.713823	0.000000	1.355193e+018	4.196219e-077
213.700000	0.563773	-5.716227	0.000000	1.426951e+018	3.825596e-077
213.800000	0.561369	-5.718631	0.000000	1.502557e+018	3.487672e-077
213.900000	0.558964	-5.721036	0.000000	1.582210e+018	3.179562e-077
214.000000	0.556559	-5.723441	0.000000	1.666119e+018	2.898639e-077
214.100000	0.554154	-5.725846	0.000000	1.754502e+018	2.642504e-077
214.200000	0.551748	-5.728252	0.000000	1.847589e+018	2.408972e-077
214.300000	0.549342	-5.730658	0.000000	1.945621e+018	2.196049e-077
214.400000	0.546935	-5.733065	0.000000	2.048850e+018	2.001917e-077
214.500000	0.544529	-5.735471	0.000000	2.157541e+018	1.824920e-077
214.600000	0.542121	-5.737879	0.000000	2.271973e+018	1.663545e-077
214.700000	0.539714	-5.740286	0.000000	2.392437e+018	1.516416e-077
214.800000	0.537306	-5.742694	0.000000	2.519238e+018	1.382275e-077
214.900000	0.534897	-5.745103	0.000000	2.652697e+018	1.259978e-077
215.000000	0.532488	-5.747512	0.000000	2.793150e+018	1.148478e-077
215.100000	0.530078	-5.749922	0.000000	2.940949e+018	1.046825e-077
215.200000	0.527668	-5.752332	0.000000	3.096463e+018	9.541485e-078
215.300000	0.525258	-5.754742	0.000000	3.260079e+018	8.696573e-078
215.400000	0.522846	-5.757154	0.000000	3.432201e+018	7.926293e-078
215.500000	0.520434	-5.759566	0.000000	3.613255e+018	7.224059e-078
215.600000	0.518022	-5.761978	0.000000	3.803684e+018	6.583868e-078
215.700000	0.515608	-5.764392	0.000000	4.003955e+018	6.000245e-078
215.800000	0.513194	-5.766806	0.000000	4.214556e+018	5.468198e-078
215.900000	0.510779	-5.769221	0.000000	4.435998e+018	4.983177e-078
216.000000	0.508363	-5.771637	0.000000	4.668814e+018	4.541030e-078
216.100000	0.505947	-5.774053	0.000000	4.913566e+018	4.137975e-078
216.200000	0.503529	-5.776471	0.000000	5.170839e+018	3.770560e-078
216.300000	0.501111	-5.778889	0.000000	5.441247e+018	3.435639e-078
216.400000	0.498691	-5.781309	0.000000	5.725432e+018	3.130345e-078
216.500000	0.496271	-5.783729	0.000000	6.024066e+018	2.852062e-078
216.600000	0.493849	-5.786151	0.000000	6.337852e+018	2.598404e-078
216.700000	0.491426	-5.788574	0.000000	6.667524e+018	2.367198e-078
216.800000	0.489002	-5.790998	0.000000	7.013854e+018	2.156460e-078
216.900000	0.486576	-5.793424	0.000000	7.377644e+018	1.964384e-078
217.000000	0.484149	-5.795851	0.000000	7.759737e+018	1.789321e-078
217.100000	0.481721	-5.798279	0.000000	8.161012e+018	1.629767e-078
217.200000	0.479291	-5.800709	0.000000	8.582389e+018	1.484353e-078
217.300000	0.476859	-5.803141	0.000000	9.024830e+018	1.351830e-078
217.400000	0.474426	-5.805574	0.000000	9.489338e+018	1.231058e-078
217.500000	0.471991	-5.808009	0.000000	9.976966e+018	1.120999e-078
217.600000	0.469554	-5.810446	0.000000	1.048881e+019	1.020706e-078
217.700000	0.467115	-5.812885	0.000000	1.102602e+019	9.293154e-079
217.800000	0.464675	-5.815325	0.000000	1.158978e+019	8.460402e-079
217.900000	0.462231	-5.817769	0.000000	1.218136e+019	7.701627e-079
218.000000	0.459786	-5.820214	0.000000	1.280206e+019	7.010286e-079
218.100000	0.457338	-5.822662	0.000000	1.345324e+019	6.380414e-079
218.200000	0.454888	-5.825112	0.000000	1.413633e+019	5.806571e-079
218.300000	0.452435	-5.827565	0.000000	1.485282e+019	5.283799e-079
218.400000	0.449979	-5.830021	0.000000	1.560425e+019	4.807577e-079
218.500000	0.447521	-5.832479	0.000000	1.639226e+019	4.373783e-079
218.600000	0.445059	-5.834941	0.000000	1.721852e+019	3.978660e-079
218.700000	0.442594	-5.837406	0.000000	1.808481e+019	3.618782e-079
218.800000	0.440125	-5.839875	0.000000	1.899296e+019	3.291025e-079
218.900000	0.437653	-5.842347	0.000000	1.994490e+019	2.992544e-079
219.000000	0.435178	-5.844822	0.000000	2.094262e+019	2.720741e-079
219.100000	0.432698	-5.847302	0.000000	2.198822e+019	2.473251e-079
219.200000	0.430214	-5.849786	0.000000	2.308387e+019	2.247917e-079
219.300000	0.427726	-5.852274	0.000000	2.423185e+019	2.042773e-079
219.400000	0.425234	-5.854766	0.000000	2.543451e+019	1.856025e-079
219.500000	0.422736	-5.857264	0.000000	2.669432e+019	1.686040e-079
219.600000	0.420234	-5.859766	0.000000	2.801385e+019	1.531328e-079
219.700000	0.417726	-5.862274	0.000000	2.939578e+019	1.390531e-079
219.800000	0.415213	-5.864787	0.000000	3.084290e+019	1.262412e-079
219.900000	0.412694	-5.867306	0.000000	3.235810e+019	1.145842e-079
220.000000	-0.405891	-5.457391	0.000000	2.800414e+019	8.057376e-073
220.100000	-0.403059	-5.454559	0.000000	2.909178e+019	8.984531e-073
220.200000	-0.400233	-5.451733	0.000000	3.018405e+019	1.001630e-072
220.300000	-0.397412	-5.448912	0.000000	3.127992e+019	1.116417e-072
220.400000	-0.394597	-5.446097	0.000000	3.237838e+019	1.244082e-072
220.500000	-0.391788	-5.443288	0.000000	3.347841e+019	1.386028e-072
220.600000	-0.388985	-5.440485	0.000000	3.457902e+019	1.543801e-072
220.700000	-0.386188	-5.437688	0.000000	3.567922e+019	1.719113e-072
220.800000	-0.383398	-5.434898	0.000000	3.677805e+019	1.913848e-072
220.900000	-0.380615	-5.432115	0.000000	3.787456e+019	2.130085e-072
221.000000	-0.377839	-5.429339	0.000000	3.896783e+019	2.370118e-072
221.100000	-0.375070	-5.426570	0.000000	4.005694e+019	2.636469e-072
221.200000	-0.372308	-5.423808	0.000000	4.114100e+019	2.931919e-072
221.300000	-0.369554	-5.421054	0.000000	4.221914e+019	3.259527e-072
221.400000	-0.366808	-5.418308	0.000000	4.329050e+019	3.622655e-072
221.500000	-0.364070	-5.415570	0.000000	4.435427e+019	4.025001e-072
221.600000	-0.361340	-5.412840	0.000000	4.540963e+019	4.470627e-072
221.700000	-0.358618	-5.410118	0.000000	4.645579e+019	4.963989e-072
221.800000	-0.355905	-5.407405	0.000000	4.749200e+019	5.509981e-072
221.900000	-0.353200	-5.404700	0.000000	4.851751e+019	6.113967e-072
222.000000	-0.350505	-5.402005	0.000000	4.953161e+019	6.781825e-072
222.100000	-0.347819	-5.399319	0.000000	5.053361e+019	7.519993e-072
222.200000	-0.345142	-5.396642	0.000000	5.152284e+019	8.335518e-072
222.300000	-0.342474	-5.393974	0.000000	5.249867e+019	9.236109e-072
222.400000	-0.339816	-5.391316	0.000000	5.346046e+019	1.023019e-071
222.500000	-0.337168	-5.388668	0.000000	5.440764e+019	1.132697e-071
222.600000	-0.334531	-5.386031	0.000000	5.533962e+019	1.253650e-071
222.700000	-0.331903	-5.383403	0.000000	5.625588e+019	1.386974e-071
222.800000	-0.329285	-5.380785	0.000000	5.715589e+019	1.533864e-071
222.900000	-0.326679	-5.378179	0.000000	5.803916e+019	1.695624e-071
223.000000	-0.324083	-5.375583	0.000000	5.890521e+019	1.873671e-071
223.100000	-0.321497	-5.372997	0.000000	5.975362e+019	2.069549e-071
223.200000	-0.318923	-5.370423	0.000000	6.058396e+019	2.284936e-071
223.300000	-0.316360	-5.367860	0.000000	6.139583e+019	2.521656e-071
223.400000	-0.313809	-5.365309	0.000000	6.218888e+019	2.781688e-071
223.500000	-0.311268	-5.362768	0.000000	6.296275e+019	3.067181e-071
223.600000	-0.308740	-5.360240	0.000000	6.371712e+019	3.380466e-071
223.700000	-0.306223	-5.357723	0.000000	6.445170e+019	3.724067e-071
223.800000	-0.303718	-5.355218	0.000000	6.516622e+019	4.100718e-071
223.900000	-0.301225	-5.352725	0.000000	6.586042e+019	4.513377e-071
224.000000	-0.298744	-5.350244	0.000000	6.653408e+019	4.965242e-071
224.100000	-0.296275	-5.347775	0.000000	6.718699e+019	5.459770e-071
224.200000	-0.293819	-5.345319	0.000000	6.781898e+019	6.000692e-071
224.300000	-0.291376	-5.342876	0.000000	6.842987e+019	6.592034e-071
224.400000	-0.288945	-5.340445	0.000000	6.901954e+019	7.238136e-071
224.500000	-0.286526	-5.338026	0.000000	6.958787e+019	7.943676e-071
224.600000	-0.284121	-5.335621	0.000000	7.013475e+019	8.713686e-071
224.700000	-0.281728	-5.333228	0.000000	7.066011e+019	9.553583e-071
224.800000	-0.279349	-5.330849	0.000000	7.116390e+019	1.046919e-070
224.900000	-0.276982	-5.328482	0.000000	7.164607e+019	1.146676e-070
225.000000	-0.274629	-5.326129	0.000000	7.210661e+019	1.255300e-070
225.100000	-0.272289	-5.323789	0.000000	7.254551e+019	1.373511e-070
225.200000	-0.269963	-5.321463	0.000000	7.296279e+019	1.502081e-070
225.300000	-0.267650	-5.319150	0.000000	7.335848e+019	1.641837e-070
225.400000	-0.265350	-5.316850	0.000000	7.373264e+019	1.793662e-070
225.500000	-0.263064	-5.314564	0.000000	7.408533e+019	1.958501e-070
225.600000	-0.260792	-5.312292	0.000000	7.441663e+019	2.137367e-070
225.700000	-0.258533	-5.310033	0.000000	7.472664e+019	2.331336e-070
225.800000	-0.256289	-5.307789	0.000000	7.501547e+019	2.541561e-070
225.900000	-0.254058	-5.305558	0.000000	7.528325e+019	2.769269e-070
226.000000	-0.251841	-5.303341	0.000000	7.553012e+019	3.015766e-070
226.100000	-0.249638	-5.301138	0.000000	7.575623e+019	3.282446e-070
226.200000	-0.247448	-5.298948	0.000000	7.596174e+019	3.570787e-070
226.300000	-0.245273	-5.296773	0.000000	7.614684e+019	3.882364e-070
226.400000	-0.243112	-5.294612	0.000000	7.631171e+019	4.218848e-070
226.500000	-0.240965	-5.292465	0.000000	7.645656e+019	4.582013e-070
226.600000	-0.238832	-5.290332	0.000000	7.658158e+019	4.973741e-070
226.700000	-0.236714	-5.288214	0.000000	7.668701e+019	5.396025e-070
226.800000	-0.234609	-5.286109	0.000000	7.677308e+019	5.850976e-070
226.900000	-0.232519	-5.284019	0.000000	7.684002e+019	6.340829e-070
227.000000	-0.230442	-5.281942	0.000000	7.688808e+019	6.867946e-070
227.100000	-0.228380	-5.279880	0.000000	7.691752e+019	7.434824e-070
227.200000	-0.226332	-5.277832	0.000000	7.692860e+019	8.044098e-070
227.300000	-0.224299	-5.275799	0.000000	7.692159e+019	8.698548e-070
227.400000	-0.222279	-5.273779	0.000000	7.689677e+019	9.401108e-070
227.500000	-0.220274	-5.271774	0.000000	7.685442e+019	1.015486e-069
227.600000	-0.218283	-5.269783	0.000000	7.679483e+019	1.096307e-069
227.700000	-0.216306	-5.267806	0.000000	7.671830e+019	1.182915e-069
227.800000	-0.214343	-5.265843	0.000000	7.662512e+019	1.275669e-069
227.900000	-0.212395	-5.263895	0.000000	7.651561e+019	1.374948e-069
228.000000	-0.210460	-5.261960	0.000000	7.639006e+019	1.481148e-069
228.100000	-0.208540	-5.260040	0.000000	7.624879e+019	1.594685e-069
228.200000	-0.206634	-5.258134	0.000000	7.609212e+019	1.715995e-069
228.300000	-0.204742	-5.256242	0.000000	7.592036e+019	1.845535e-069
228.400000	-0.202863	-5.254363	0.000000	7.573384e+019	1.983784e-069
228.500000	-0.200999	-5.252499	0.000000	7.553287e+019	2.131242e-069
228.600000	-0.199149	-5.250649	0.000000	7.531779e+019	2.288431e-069
228.700000	-0.197313	-5.248813	0.000000	7.508892e+019	2.455899e-069
228.800000	-0.195490	-5.246990	0.000000	7.484659e+019	2.634215e-069
228.900000	-0.193682	-5.245182	0.000000	7.459112e+019	2.823976e-069
229.000000	-0.191887	-5.243387	0.000000	7.432285e+019	3.025801e-069
229.100000	-0.190106	-5.241606	0.000000	7.404210e+019	3.240336e-069
229.200000	-0.188339	-5.239839	0.000000	7.374921e+019	3.468257e-069
229.300000	-0.186585	-5.238085	0.000000	7.344451e+019	3.710261e-069
229.400000	-0.184845	-5.236345	0.000000	7.312832e+019	3.967080e-069
229.500000	-0.183118	-5.234618	0.000000	7.280097e+019	4.239468e-069
229.600000	-0.181405	-5.232905	0.000000	7.246279e+019	4.528213e-069
229.700000	-0.179705	-5.231205	0.000000	7.211411e+019	4.834130e-069
229.800000	-0.178019	-5.229519	0.000000	7.175525e+019	5.158067e-069
229.900000	-0.176346	-5.227846	0.000000	7.138653e+019	5.500901e-069
230.000000	-0.174686	-5.226186	0.000000	7.100828e+019	5.863540e-069
230.100000	-0.173039	-5.224539	0.000000	7.062081e+019	6.246928e-069
230.200000	-0.171406	-5.222906	0.000000	7.022444e+019	6.652037e-069
230.300000	-0.169785	-5.221285	0.000000	6.981949e+019	7.079875e-069
230.400000	-0.168177	-5.219677	0.000000	6.940626e+019	7.531485e-069
230.500000	-0.166582	-5.218082	0.000000	6.898506e+019	8.007941e-069
230.600000	-0.165000	-5.216500	0.000000	6.855621e+019	8.510356e-069
230.700000	-0.163431	-5.214931	0.000000	6.812000e+019	9.039875e-069
230.800000	-0.161874	-5.213374	0.000000	6.767673e+019	9.597680e-069
230.900000	-0.160330	-5.211830	0.000000	6.722671e+019	1.018499e-068
231.000000	-0.158798	-5.210298	0.000000	6.677021e+019	1.080306e-068
231.100000	-0.157279	-5.208779	0.000000	6.630754e+019	1.145319e-068
231.200000	-0.155772	-5.207272	0.000000	6.583897e+019	1.213670e-068
231.300000	-0.154277	-5.205777	0.000000	6.536479e+019	1.285497e-068
231.400000	-0.152794	-5.204294	0.000000	6.488528e+019	1.360939e-068
231.500000	-0.151323	-5.202823	0.000000	6.440071e+019	1.440143e-068
231.600000	-0.149864	-5.201364	0.000000	6.391134e+019	1.523256e-068
231.700000	-0.148417	-5.199917	0.000000	6.341746e+019	1.610430e-068
231.800000	-0.146982	-5.198482	0.000000	6.291931e+019	1.701824e-068
231.900000	-0.145559	-5.197059	0.000000	6.241715e+019	1.797596e-068
232.000000	-0.144147	-5.195647	0.000000	6.191124e+019	1.897913e-068
232.100000	-0.142746	-5.194246	0.000000	6.140183e+019	2.002942e-068
232.200000	-0.141357	-5.192857	0.000000	6.088916e+019	2.112856e-068
232.300000	-0.139980	-5.191480	0.000000	6.037346e+019	2.227834e-068
232.400000	-0.138613	-5.190113	0.000000	5.985499e+019	2.348055e-068
232.500000	-0.137258	-5.188758	0.000000	5.933395e+019	2.473706e-068
232.600000	-0.135913	-5.187413	0.000000	5.881059e+019	2.604976e-068
232.700000	-0.134580	-5.186080	0.000000	5.828513e+019	2.742059e-068
232.800000	-0.133257	-5.184757	0.000000	5.775777e+019	2.885154e-068
232.900000	-0.131946	-5.183446	0.000000	5.722874e+019	3.034463e-068
233.000000	-0.130644	-5.182144	0.000000	5.669824e+019	3.190193e-068
233.100000	-0.129354	-5.180854	0.000000	5.616647e+019	3.352555e-068
233.200000	-0.128073	-5.179573	0.000000	5.563364e+019	3.521766e-068
233.300000	-0.126803	-5.178303	0.000000	5.509994e+019	3.698045e-068
233.400000	-0.125544	-5.177044	0.000000	5.456556e+019	3.881616e-068
233.500000	-0.124294	-5.175794	0.000000	5.403069e+019	4.072710e-068
233.600000	-0.123055	-5.174555	0.000000	5.349550e+019	4.271559e-068
233.700000	-0.121825	-5.173325	0.000000	5.296017e+019	4.478402e-068
233.800000	-0.120606	-5.172106	0.000000	5.242488e+019	4.693480e-068
233.900000	-0.119396	-5.170896	0.000000	5.188978e+019	4.917041e-068
234.000000	-0.118196	-5.169696	0.000000	5.135506e+019	5.149337e-068
234.100000	-0.117005	-5.168505	0.000000	5.082086e+019	5.390623e-068
234.200000	-0.115824	-5.167324	0.000000	5.028733e+019	5.641162e-068
234.300000	-0.114652	-5.166152	0.000000	4.975464e+019	5.901217e-068
234.400000	-0.113490	-5.164990	0.000000	4.922292e+019	6.171060e-068
234.500000	-0.112336	-5.163836	0.000000	4.869232e+019	6.450965e-068
234.600000	-0.111192	-5.162692	0.000000	4.816297e+019	6.741211e-068
234.700000	-0.110057	-5.161557	0.000000	4.763501e+019	7.042084e-068
234.800000	-0.108930	-5.160430	0.000000	4.710857e+019	7.353873e-068
234.900000	-0.107813	-5.159313	0.000000	4.658378e+019	7.676871e-068
235.000000	-0.106704	-5.158204	0.000000	4.606074e+019	8.011378e-068
235.100000	-0.105604	-5.157104	0.000000	4.553959e+019	8.357697e-068
235.200000	-0.104512	-5.156012	0.000000	4.502044e+019	8.716138e-068
235.300000	-0.103428	-5.154928	0.000000	4.450339e+019	9.087013e-068
235.400000	-0.102353	-5.153853	0.000000	4.398855e+019	9.470643e-068
235.500000	-0.101286	-5.152786	0.000000	4.347603e+019	9.867351e-068
235.600000	-0.100228	-5.151728	0.000000	4.296591e+019	1.027747e-067
235.700000	-0.099177	-5.150677	0.000000	4.245831e+019	1.070132e-067
235.800000	-0.098134	-5.149634	0.000000	4.195330e+019	1.113926e-067
235.900000	-0.097099	-5.148599	0.000000	4.145098e+019	1.159163e-067
236.000000	-0.096072	-5.147572	0.000000	4.095143e+019	1.205877e-067
236.100000	-0.095052	-5.146552	0.000000	4.045474e+019	1.254104e-067
236.200000	-0.094040	-5.145540	0.000000	3.996097e+019	1.303881e-067
236.300000	-0.093036	-5.144536	0.000000	3.947021e+019	1.355244e-067
236.400000	-0.092039	-5.143539	0.000000	3.898252e+019	1.408231e-067
236.500000	-0.091049	-5.142549	0.000000	3.849798e+019	1.462878e-067
236.600000	-0.090066	-5.141566	0.000000	3.801664e+019	1.519226e-067
236.700000	-0.089090	-5.140590	0.000000	3.753858e+019	1.577312e-067
236.800000	-0.088122	-5.139622	0.000000	3.706384e+019	1.637176e-067
236.900000	-0.087160	-5.138660	0.000000	3.659249e+019	1.698860e-067
237.000000	-0.086206	-5.137706	0.000000	3.612458e+019	1.762402e-067
237.100000	-0.085258	-5.136758	0.000000	3.566016e+019	1.827846e-067
237.200000	-0.084316	-5.135816	0.000000	3.519927e+019	1.895233e-067
237.300000	-0.083382	-5.134882	0.000000	3.474197e+019	1.964606e-067
237.400000	-0.082453	-5.133953	0.000000	3.428829e+019	2.036009e-067
237.500000	-0.081532	-5.133032	0.000000	3.383827e+019	2.109485e-067
237.600000	-0.080616	-5.132116	0.000000	3.339195e+019	2.185079e-067
237.700000	-0.079707	-5.131207	0.000000	3.294937e+019	2.262838e-067
237.800000	-0.078804	-5.130304	0.000000	3.251056e+019	2.342807e-067
237.900000	-0.077907	-5.129407	0.000000	3.207555e+019	2.425033e-067
238.000000	-0.077016	-5.128516	0.000000	3.164436e+019	2.509565e-067
238.100000	-0.076131	-5.127631	0.000000	3.121702e+019	2.596450e-067
238.200000	-0.075252	-5.126752	0.000000	3.079356e+019	2.685738e-067
238.300000	-0.074379	-5.125879	0.000000	3.037399e+019	2.777479e-067
238.400000	-0.073511	-5.125011	0.000000	2.995834e+019	2.871724e-067
238.500000	-0.072650	-5.124150	0.000000	2.954662e+019	2.968524e-067
238.600000	-0.071793	-5.123293	0.000000	2.913885e+019	3.067933e-067
238.700000	-0.070942	-5.122442	0.000000	2.873504e+019	3.170003e-067
238.800000	-0.070097	-5.121597	0.000000	2.833520e+019	3.274789e-067
238.900000	-0.069256	-5.120756	0.000000	2.793934e+019	3.382346e-067
239.000000	-0.068421	-5.119921	0.000000	2.754748e+019	3.492731e-067
239.100000	-0.067592	-5.119092	0.000000	2.715960e+019	3.605999e-067
239.200000	-0.066767	-5.118267	0.000000	2.677573e+019	3.722210e-067
239.300000	-0.065947	-5.117447	0.000000	2.639586e+019	3.841422e-067
239.400000	-0.065133	-5.116633	0.000000	2.602000e+019	3.963695e-067
239.500000	-0.064323	-5.115823	0.000000	2.564814e+019	4.089091e-067
239.600000	-0.063518	-5.115018	0.000000	2.528028e+019	4.217670e-067
239.700000	-0.062718	-5.114218	0.000000	2.491643e+019	4.349497e-067
239.800000	-0.061922	-5.113422	0.000000	2.455657e+019	4.484635e-067
239.900000	-0.061131	-5.112631	0.000000	2.420069e+019	4.623150e-067
240.000000	-0.060345	-5.111845	0.000000	2.384880e+019	4.765108e-067
240.100000	-0.059563	-5.111063	0.000000	2.350089e+019	4.910576e-067
240.200000	-0.058786	-5.110286	0.000000	2.315693e+019	5.059624e-067
240.300000	-0.058013	-5.109513	0.000000	2.281694e+019	5.212322e-067
240.400000	-0.057244	-5.108744	0.000000	2.248088e+019	5.368740e-067
240.500000	-0.056479	-5.107979	0.000000	2.214876e+019	5.528951e-067
240.600000	-0.055719	-5.107219	0.000000	2.182054e+019	5.693029e-067
240.700000	-0.054963	-5.106463	0.000000	2.149623e+019	5.861049e-067
240.800000	-0.054210	-5.105710	0.000000	2.117581e+019	6.033087e-067
240.900000	-0.053462	-5.104962	0.000000	2.085925e+019	6.209221e-067
241.000000	-0.052718	-5.104218	0.000000	2.054654e+019	6.389530e-067
241.100000	-0.051978	-5.103478	0.000000	2.023766e+019	6.574095e-067
241.200000	-0.051241	-5.102741	0.000000	1.993260e+019	6.762998e-067
241.300000	-0.050508	-5.102008	0.000000	1.963132e+019	6.956323e-067
241.400000	-0.049779	-5.101279	0.000000	1.933382e+019	7.154154e-067
241.500000	-0.049054	-5.100554	0.000000	1.904007e+019	7.356579e-067
241.600000	-0.048332	-5.099832	0.000000	1.875004e+019	7.563685e-067
241.700000	-0.047614	-5.099114	0.000000	1.846371e+019	7.775563e-067
241.800000	-0.046899	-5.098399	0.000000	1.818107e+019	7.992304e-067
241.900000	-0.046187	-5.097687	0.000000	1.790208e+019	8.214002e-067
242.000000	-0.045479	-5.096979	0.000000	1.762673e+019	8.440751e-067
242.100000	-0.044775	-5.096275	0.000000	1.735497e+019	8.672648e-067
242.200000	-0.044073	-5.095573	0.000000	1.708680e+019	8.909792e-067
242.300000	-0.043375	-5.094875	0.000000	1.682218e+019	9.152283e-067
242.400000	-0.042680	-5.094180	0.000000	1.656109e+019	9.400224e-067
242.500000	-0.041988	-5.093488	0.000000	1.630350e+019	9.653719e-067
242.600000	-0.041299	-5.092799	0.000000	1.604938e+019	9.912874e-067
242.700000	-0.040614	-5.092114	0.000000	1.579870e+019	1.017780e-066
242.800000	-0.039931	-5.091431	0.000000	1.555144e+019	1.044860e-066
242.900000	-0.039251	-5.090751	0.000000	1.530756e+019	1.072539e-066
243.000000	-0.038574	-5.090074	0.000000	1.506704e+019	1.100829e-066
243.100000	-0.037900	-5.089400	0.000000	1.482985e+019	1.129742e-066
243.200000	-0.037229	-5.088729	0.000000	1.459595e+019	1.159288e-066
243.300000	-0.036561	-5.088061	0.000000	1.436532e+019	1.189481e-066
243.400000	-0.035895	-5.087395	0.000000	1.413794e+019	1.220332e-066
243.500000	-0.035232	-5.086732	0.000000	1.391375e+019	1.251854e-066
243.600000	-0.034571	-5.086071	0.000000	1.369275e+019	1.284061e-066
243.700000	-0.033913	-5.085413	0.000000	1.347489e+019	1.316964e-066
243.800000	-0.033258	-5.084758	0.000000	1.326015e+019	1.350579e-066
243.900000	-0.032605	-5.084105	0.000000	1.304849e+019	1.384917e-066
244.000000	-0.031955	-5.083455	0.000000	1.283988e+019	1.419993e-066
244.100000	-0.031307	-5.082807	0.000000	1.263430e+019	1.455821e-066
244.200000	-0.030662	-5.082162	0.000000	1.243170e+019	1.492416e-066
244.300000	-0.030019	-5.081519	0.000000	1.223207e+019	1.529792e-066
244.400000	-0.029378	-5.080878	0.000000	1.203536e+019	1.567963e-066
244.500000	-0.028739	-5.080239	0.000000	1.184155e+019	1.606947e-066
244.600000	-0.028103	-5.079603	0.000000	1.165060e+019	1.646757e-066
244.700000	-0.027469	-5.078969	0.000000	1.146249e+019	1.687410e-066
244.800000	-0.026837	-5.078337	0.000000	1.127718e+019	1.728921e-066
244.900000	-0.026207	-5.077707	0.000000	1.109463e+019	1.771308e-066
245.000000	-0.025580	-5.077080	0.000000	1.091483e+019	1.814587e-066
245.100000	-0.024954	-5.076454	0.000000	1.073773e+019	1.858776e-066
245.200000	-0.024331	-5.075831	0.000000	1.056331e+019	1.903891e-066
245.300000	-0.023709	-5.075209	0.000000	1.039153e+019	1.949950e-066
245.400000	-0.023090	-5.074590	0.000000	1.022237e+019	1.996973e-066
245.500000	-0.022472	-5.073972	0.000000	1.005578e+019	2.044976e-066
245.600000	-0.021856	-5.073356	0.000000	9.891747e+018	2.093979e-066
245.700000	-0.021242	-5.072742	0.000000	9.730232e+018	2.144002e-066
245.800000	-0.020630	-5.072130	0.000000	9.571205e+018	2.195063e-066
245.900000	-0.020020	-5.071520	0.000000	9.414635e+018	2.247183e-066
246.000000	-0.019412	-5.070912	0.000000	9.260493e+018	2.300382e-066
246.100000	-0.018805	-5.070305	0.000000	9.108746e+018	2.354681e-066
246.200000	-0.018201	-5.069701	0.000000	8.959365e+018	2.410101e-066
246.300000	-0.017597	-5.069097	0.000000	8.812320e+018	2.466663e-066
246.400000	-0.016996	-5.068496	0.000000	8.667580e+018	2.524391e-066
246.500000	-0.016396	-5.067896	0.000000	8.525116e+018	2.583305e-066
246.600000	-0.015798	-5.067298	0.000000	8.384897e+018	2.643429e-066
246.700000	-0.015201	-5.066701	0.000000	8.246894e+018	2.704787e-066
246.800000	-0.014606	-5.066106	0.000000	8.111078e+018	2.767401e-066
246.900000	-0.014013	-5.065513	0.000000	7.977420e+018	2.831297e-066
247.000000	-0.013421	-5.064921	0.000000	7.845889e+018	2.896499e-066
247.100000	-0.012830	-5.064330	0.000000	7.716459e+018	2.963032e-066
247.200000	-0.012241	-5.063741	0.000000	7.589099e+018	3.030922e-066
247.300000	-0.011654	-5.063154	0.000000	7.463782e+018	3.100194e-066
247.400000	-0.011068	-5.062568	0.000000	7.340479e+018	3.170877e-066
247.500000	-0.010483	-5.061983	0.000000	7.219162e+018	3.242997e-066
247.600000	-0.009900	-5.061400	0.000000	7.099805e+018	3.316581e-066
247.700000	-0.009318	-5.060818	0.000000	6.982378e+018	3.391659e-066
247.800000	-0.008737	-5.060237	0.000000	6.866855e+018	3.468258e-066
247.900000	-0.008158	-5.059658	0.000000	6.753208e+018	3.546409e-066
248.000000	-0.007580	-5.059080	0.000000	6.641412e+018	3.626141e-066
248.100000	-0.007003	-5.058503	0.000000	6.531438e+018	3.707484e-066
248.200000	-0.006427	-5.057927	0.000000	6.423262e+018	3.790471e-066
248.300000	-0.005853	-5.057353	0.000000	6.316857e+018	3.875133e-066
248.400000	-0.005280	-5.056780	0.000000	6.212196e+018	3.961502e-066
248.500000	-0.004708	-5.056208	0.000000	6.109255e+018	4.049611e-066
248.600000	-0.004137	-5.055637	0.000000	6.008007e+018	4.139495e-066
248.700000	-0.003567	-5.055067	0.000000	5.908429e+018	4.231186e-066
248.800000	-0.002999	-5.054499	0.000000	5.810494e+018	4.324721e-066
248.900000	-0.002432	-5.053932	0.000000	5.714179e+018	4.420135e-066
249.000000	-0.001865	-5.053365	0.000000	5.619459e+018	4.517464e-066
249.100000	-0.001300	-5.052800	0.000000	5.526310e+018	4.616746e-066
249.200000	-0.000736	-5.052236	0.000000	5.434708e+018	4.718018e-066
249.300000	-0.000173	-5.051673	0.000000	5.344629e+018	4.821319e-066
249.400000	0.000389	-5.051111	0.000000	5.256051e+018	4.926688e-066
249.500000	0.000950	-5.050550	0.000000	5.168950e+018	5.034166e-066
249.600000	0.001511	-5.049989	0.000000	5.083303e+018	5.143792e-066
249.700000	0.002070	-5.049430	0.000000	4.999088e+018	5.255610e-066
249.800000	0.002628	-5.048872	0.000000	4.916282e+018	5.369660e-066
249.900000	0.003185	-5.048315	0.000000	4.834864e+018	5.485988e-066
250.000000	0.003741	-5.047759	0.000000	4.754812e+018	5.604636e-066
255.000000	0.030398	-5.021102	0.000000	2.106068e+018	1.562439e-065
260.000000	0.056041	-4.995459	0.000000	9.621933e+017	4.189252e-065
265.000000	0.081219	-4.970281	0.000000	4.471115e+017	1.103326e-064
270.000000	0.106180	-4.945320	0.000000	2.058001e+017	2.881704e-064
275.000000	0.131042	-4.920458	0.000000	9.205764e+016	7.497604e-064
280.000000	0.155858	-4.895642	0.000000	3.974220e+016	1.947356e-063
285.000000	0.180655	-4.870845	0.000000	1.658854e+016	5.054097e-063
290.000000	0.205444	-4.846056	0.000000	6.735581e+015	1.311311e-062
295.000000	0.230229	-4.821271	0.000000	2.679705e+015	3.401831e-062
300.000000	0.255013	-4.796487	0.000000	1.051452e+015	8.824651e-062
305.000000	0.279797	-4.771703	0.000000	4.089786e+014	2.289147e-061
310.000000	0.304580	-4.746920	0.000000	1.582579e+014	5.938085e-061
315.000000	0.329363	-4.722137	0.000000	6.106099e+013	1.540345e-060
320.000000	0.354147	-4.697353	0.000000	2.352200e+013	3.995663e-060
325.000000	0.378930	-4.672570	0.000000	9.053558e+012	1.036477e-059
330.000000	0.403713	-4.647787	0.000000	3.483158e+012	2.688625e-059
335.000000	0.428497	-4.623003	0.000000	1.339765e+012	6.974304e-059
340.000000	0.453280	-4.598220	0.000000	5.152685e+011	1.809137e-058
345.000000	0.478063	-4.573437	0.000000	1.981590e+011	4.692909e-058
350.000000	0.502846	-4.548654	0.000000	7.620472e+010	1.217342e-057
355.000000	0.527630	-4.523870	0.000000	2.930517e+010	3.157791e-057
360.000000	0.552413	-4.499087	0.000000	1.126949e+010	8.191321e-057
365.000000	0.577196	-4.474304	0.000000	4.333740e+009	2.124832e-056
370.000000	0.601979	-4.449521	0.000000	1.666560e+009	5.511822e-056
375.000000	0.626763	-4.424737	0.000000	6.408832e+008	1.429769e-055
380.000000	0.651546	-4.399954	0.000000	2.464544e+008	3.708826e-055
385.000000	0.676329	-4.375171	0.000000	9.477493e+007	9.620708e-055
390.000000	0.701112	-4.350388	0.000000	3.644610e+007	2.495615e-054
395.000000	0.725896	-4.325604	0.000000	1.401578e+007	6.473636e-054
400.000000	0.750679	-4.300821	0.000000	5.390242e+006	1.679264e-053
405.000000	0.775462	-4.276038	0.000000	2.073226e+006	4.356016e-053
410.000000	0.800246	-4.251254	0.000000	7.975927e+005	1.129952e-052
415.000000	0.825029	-4.226471	0.000000	3.069793e+005	2.931101e-052
420.000000	0.849812	-4.201688	0.000000	1.182186e+005	7.603287e-052
425.000000	0.874595	-4.176905	0.000000	4.551579e+004	1.972296e-051
430.000000	0.899379	-4.152121	0.000000	1.746655e+004	5.116142e-051
435.000000	0.924162	-4.127338	0.000000	6.638731e+003	1.327129e-050
440.000000	0.948945	-4.102555	0.000000	2.476225e+003	3.442578e-050
445.000000	0.973728	-4.077772	0.000000	8.968671e+002	8.930062e-050
450.000000	0.998512	-4.052988	0.000000	3.122755e+002	2.316461e-049
455.000000	1.023295	-4.028205	0.000000	1.036713e+002	6.008910e-049
460.000000	1.048078	-4.003422	0.000000	3.262356e+001	1.558714e-048
465.000000	1.072861	-3.978639	0.000000	9.694718e+000	4.043309e-048
470.000000	1.097645	-3.953855	0.000000	2.715216e+000	1.048836e-047
475.000000	1.122428	-3.929072	0.000000	7.161876e-001	2.720684e-047
480.000000	1.147211	-3.904289	0.000000	1.779394e-001	7.057466e-047
485.000000	1.171995	-3.879505	0.000000	4.167348e-002	1.830709e-046
490.000000	1.196778	-3.854722	0.000000	9.210108e-003	4.748867e-046
495.000000	1.221561	-3.829939	0.000000	1.923326e-003	1.231858e-045
500.000000	1.246344	-3.805156	0.000000	3.800476e-004	3.195444e-045
505.000000	1.271128	-3.780372	0.000000	7.116268e-005	8.288995e-045
510.000000	1.295911	-3.755589	0.000000	1.264530e-005	2.150168e-044
515.000000	1.320694	-3.730806	0.000000	2.135458e-006	5.577545e-044
520.000000	1.345477	-3.706023	0.000000	3.431962e-007	1.446817e-043
525.000000	1.370261	-3.681239	0.000000	5.256136e-008	3.753050e-043
530.000000	1.395044	-3.656456	0.000000	7.681081e-009	9.735426e-043
535.000000	1.419827	-3.631673	0.000000	1.072369e-009	2.525373e-042
540.000000	1.444610	-3.606890	0.000000	1.431999e-010	6.550828e-042
545.000000	1.469394	-3.582106	0.000000	1.831065e-011	1.699287e-041
550.000000	1.494177	-3.557323	0.000000	2.244350e-012	4.407958e-041
555.000000	1.518960	-3.532540	0.000000	2.639640e-013	1.143426e-040
560.000000	1.543744	-3.507756	0.000000	2.981854e-014	2.966051e-040
565.000000	1.568527	-3.482973	0.000000	3.238297e-015	7.693949e-040
570.000000	1.593310	-3.458190	0.000000	3.383902e-016	1.995813e-039
575.000000	1.618093	-3.433407	0.000000	3.405294e-017	5.177147e-039
580.000000	1.642877	-3.408623	0.000000	3.302752e-018	1.342954e-038
585.000000	1.667660	-3.383840	0.000000	3.089691e-019	3.483628e-038
590.000000	1.692443	-3.359057	0.000000	2.789913e-020	9.036544e-038
595.000000	1.717226	-3.334274	0.000000	2.433371e-021	2.344083e-037
600.000000	1.742010	-3.309490	0.000000	2.051448e-022	6.080560e-037
605.000000	1.766793	-3.284707	0.000000	1.672739e-023	1.577300e-036
610.000000	1.791576	-3.259924	0.000000	1.320021e-024	4.091522e-036
615.000000	1.816360	-3.235140	0.000000	1.008736e-025	1.061342e-035
620.000000	1.841143	-3.210357	0.000000	7.469080e-027	2.753126e-035
625.000000	1.865926	-3.185574	0.000000	5.361538e-028	7.141619e-035
630.000000	1.890709	-3.160791	0.000000	3.733148e-029	1.852539e-034
635.000000	1.915493	-3.136007	0.000000	2.522592e-030	4.805493e-034
640.000000	1.940276	-3.111224	0.000000	1.655082e-031	1.246547e-033
645.000000	1.965059	-3.086441	0.000000	1.054871e-032	3.233547e-033
650.000000	1.989842	-3.061658	0.000000	6.534123e-034	8.387833e-033
655.000000	2.014626	-3.036874	0.000000	3.935284e-035	2.175807e-032
660.000000	2.039409	-3.012091	0.000000	2.305434e-036	5.644052e-032
665.000000	2.064192	-2.987308	0.000000	1.314311e-037	1.464069e-031
670.000000	2.088975	-2.962525	0.000000	7.294369e-039	3.797801e-031
675.000000	2.113759	-2.937741	0.000000	3.942674e-040	9.851512e-031
680.000000	2.138542	-2.912958	0.000000	2.076214e-041	2.555486e-030
685.000000	2.163325	-2.888175	0.000000	1.065592e-042	6.628940e-030
690.000000	2.188109	-2.863391	0.000000	5.332146e-044	1.719550e-029
695.000000	2.212892	-2.838608	0.000000	2.602335e-045	4.460518e-029
700.000000	2.237675	-2.813825	0.000000	1.239180e-046	1.157060e-028
705.000000	2.262458	-2.789042	0.000000	5.768032e-048	3.001419e-028
710.000000	2.287242	-2.764258	0.000000	2.625202e-049	7.785692e-028
715.000000	2.312025	-2.739475	0.000000	1.158657e-050	2.019611e-027
720.000000	2.336808	-2.714692	0.000000	8.409580e-052	5.238880e-027
725.000000	2.361591	-2.689909	0.000000	3.170408e-053	1.358967e-026
730.000000	2.386375	-2.665125	0.000000	9.951635e-055	3.525167e-026
735.000000	2.411158	-2.640342	0.000000	5.240812e-056	9.144296e-026
740.000000	2.435941	-2.615559	0.000000	4.082301e-057	2.372034e-025
745.000000	2.460724	-2.590776	0.000000	1.563568e-057	6.153065e-025
750.000000	2.485508	-2.565992	0.000000	4.161671e-059	1.596108e-024
755.000000	2.510291	-2.541209	0.000000	2.835891e-058	4.140309e-024
760.000000	2.535074	-2.516426	0.000000	2.564364e-058	1.073998e-023
765.000000	2.559858	-2.491642	0.000000	2.129454e-059	2.785954e-023
770.000000	2.584641	-2.466859	0.000000	3.868093e-060	7.226776e-023
775.000000	2.609424	-2.442076	0.000000	4.063871e-062	1.874629e-022
780.000000	2.634207	-2.417293	0.000000	1.537208e-058	4.862794e-022
785.000000	2.658991	-2.392509	0.000000	9.773781e-060	1.261411e-021
790.000000	2.683774	-2.367726	0.000000	4.715714e-060	3.272104e-021
795.000000	2.708557	-2.342943	0.000000	1.063228e-058	8.487850e-021
800.000000	2.733340	-2.318160	0.000000	1.986635e-059	2.201752e-020
805.000000	2.758124	-2.293376	0.000000	6.785718e-060	5.711352e-020
810.000000	2.782907	-2.268593	0.000000	2.264787e-060	1.481527e-019
815.000000	2.807690	-2.243810	0.000000	6.203494e-061	3.843087e-019
820.000000	2.832473	-2.219027	0.000000	1.644263e-059	9.968981e-019
825.000000	2.857257	-2.194243	0.000000	8.120120e-059	2.585958e-018
830.000000	2.882040	-2.169460	0.000000	3.625465e-061	6.707984e-018
835.000000	2.906823	-2.144677	0.000000	1.038406e-060	1.740054e-017
840.000000	2.931607	-2.119893	0.000000	1.187384e-059	4.513706e-017
845.000000	2.956390	-2.095110	0.000000	1.038042e-060	1.170857e-016
850.000000	2.981173	-2.070327	0.000000	5.308602e-060	3.037208e-016
855.000000	3.005956	-2.045544	0.000000	7.788284e-062	7.878529e-016
860.000000	3.030740	-2.020760	0.000000	1.098236e-061	2.043693e-015
865.000000	3.055523	-1.995977	0.000000	6.904910e-065	5.301348e-015
870.000000	3.080306	-1.971194	0.000000	1.456432e-063	1.375172e-014
875.000000	3.105089	-1.946411	0.000000	1.165809e-066	3.567201e-014
880.000000	3.129873	-1.921627	0.000000	6.646155e-065	9.253333e-014
885.000000	3.154656	-1.896844	0.000000	6.222758e-066	2.400318e-013
890.000000	3.179439	-1.872061	0.000000	4.737533e-066	6.226435e-013
895.000000	3.204222	-1.847278	0.000000	2.863450e-066	1.615140e-012
900.000000	3.229006	-1.822494	0.000000	4.116938e-067	4.189678e-012
905.000000	3.253789	-1.797711	0.000000	2.388642e-069	1.086804e-011
910.000000	3.278572	-1.772928	0.000000	3.280219e-068	2.819174e-011
915.000000	3.303356	-1.748144	0.000000	3.033915e-069	7.312949e-011
920.000000	3.328139	-1.723361	0.000000	7.875635e-070	1.896982e-010
925.000000	3.352922	-1.698578	0.000000	2.748018e-070	4.920778e-010
930.000000	3.377705	-1.673795	0.000000	5.453348e-072	1.276452e-009
935.000000	3.402489	-1.649011	0.000000	1.007592e-072	3.311121e-009
940.000000	3.427272	-1.624228	0.000000	4.597864e-075	8.589060e-009
945.000000	3.452055	-1.599445	0.000000	4.094546e-076	2.228005e-008
950.000000	3.476838	-1.574662	0.000000	1.020105e-075	5.779455e-008
955.000000	3.501622	-1.549878	0.000000	4.751638e-077	1.499193e-007
960.000000	3.526405	-1.525095	0.000000	1.374562e-077	3.888912e-007
965.000000	3.551188	-1.500312	0.000000	4.656916e-079	1.008785e-006
970.000000	3.575971	-1.475529	0.000000	1.796607e-080	2.616793e-006
975.000000	3.600755	-1.450745	0.000000	1.396149e-081	6.787970e-006
980.000000	3.625538	-1.425962	0.000000	1.921329e-083	1.760802e-005
985.000000	3.650321	-1.401179	0.000000	1.708031e-083	4.567528e-005
990.000000	3.675105	-1.376395	0.000000	4.181604e-085	1.184818e-004
995.000000	3.699888	-1.351612	0.000000	3.848624e-085	3.073424e-004
1000.000000	3.724671	-1.326829	0.000000	2.978033e-088	7.972472e-004
1005.000000	3.749454	-1.302046	0.000000	4.392745e-087	2.068062e-003
1010.000000	3.774238	-1.277262	0.000000	2.270171e-088	5.364562e-003
1015.000000	3.799021	-1.252479	0.000000	3.372996e-089	1.391569e-002
1020.000000	3.823804	-1.227696	0.000000	6.232640e-092	3.609736e-002
1025.000000	3.848587	-1.202913	0.000000	2.064464e-090	9.363670e-002
1030.000000	3.873371	-1.178129	0.000000	7.823936e-092	2.428940e-001
1035.000000	3.898154	-1.153346	0.000000	4.227299e-089	6.300679e-001
1040.000000	3.922937	-1.128563	0.000000	5.531680e-093	1.634399e+000
1045.000000	3.947720	-1.103780	0.000000	7.280126e-092	4.239636e+000
1050.000000	3.972504	-1.078996	0.000000	1.393980e-092	1.099763e+001
1055.000000	3.997287	-1.054213	0.000000	5.691701e-093	2.852790e+001
1060.000000	4.022070	-1.029430	0.000000	1.132698e-093	7.400149e+001
1065.000000	4.046854	-1.004646	0.000000	5.479807e-094	1.919601e+002
1070.000000	4.071637	-0.979863	0.000000	2.189160e-094	4.979453e+002
1075.000000	4.096420	-0.955080	0.000000	5.934181e-096	1.291672e+003
1080.000000	4.121203	-0.930297	0.000000	8.505516e-098	3.350603e+003
1085.000000	4.145987	-0.905513	0.000000	1.026675e-097	8.691476e+003
1090.000000	4.170770	-0.880730	0.000000	1.549381e-097	2.254572e+004
1095.000000	4.195553	-0.855947	0.000000	8.403713e-099	5.848369e+004
1100.000000	4.220336	-0.831164	0.000000	3.607858e-099	1.517069e+005
1105.000000	4.245120	-0.806380	0.000000	3.188309e-100	3.935283e+005
1110.000000	4.269903	-0.781597	0.000000	3.916204e-100	1.020814e+006
1115.000000	4.294686	-0.756814	0.000000	3.527729e-100	2.647995e+006
1120.000000	4.319469	-0.732031	0.000000	3.487434e-103	6.868910e+006
1125.000000	4.344253	-0.707247	0.000000	5.180035e-102	1.781798e+007
1130.000000	4.369036	-0.682464	0.000000	1.128820e-103	4.621991e+007
1135.000000	4.393819	-0.657681	0.000000	5.975080e-104	1.198946e+008
1140.000000	4.418603	-0.632897	0.000000	3.316553e-106	3.110071e+008
1145.000000	4.443386	-0.608114	0.000000	6.311798e-106	8.067537e+008
1150.000000	4.468169	-0.583331	0.000000	2.901506e-108	2.092722e+009
1155.000000	4.492952	-0.558548	0.000000	3.502793e-108	5.428529e+009
1160.000000	4.517736	-0.533764	0.000000	2.440097e-110	1.408163e+010
1165.000000	4.542519	-0.508981	0.000000	4.802704e-109	3.652779e+010
1170.000000	4.567302	-0.484198	0.000000	1.465487e-110	9.475323e+010
1175.000000	4.592085	-0.459415	0.000000	1.054685e-112	2.457903e+011
1180.000000	4.616869	-0.434631	0.000000	6.583882e-113	6.375809e+011
1185.000000	4.641652	-0.409848	0.000000	8.493251e-114	1.653887e+012
1190.000000	4.666435	-0.385065	0.000000	5.447128e-114	4.290190e+012
1195.000000	4.691218	-0.360282	0.000000	5.146266e-114	1.112877e+013
1200.000000	4.716002	-0.335498	0.000000	8.448606e-117	2.886808e+013
1205.000000	4.740785	-0.310715	0.000000	4.092859e-118	7.488399e+013
1210.000000	4.765568	-0.285932	0.000000	9.877627e-122	1.942498e+014
1215.000000	4.790352	-0.261148	0.000000	4.900804e-122	5.038876e+014
1220.000000	4.815135	-0.236365	0.000000	3.347533e-120	1.307106e+015
1225.000000	4.839920	-0.211580	0.000000	1.167726e-121	3.390767e+015
1230.000000	4.864706	-0.186794	0.000000	1.044582e-122	8.796537e+015
1235.000000	4.889496	-0.162004	0.000000	8.586013e-126	2.282412e+016
1240.000000	4.914296	-0.137204	0.000000	5.594217e-127	5.924534e+016
1245.000000	4.939124	-0.112376	0.000000	7.585320e-126	1.539482e+017
1250.000000	4.964024	-0.087476	0.000000	2.594346e-128	4.011334e+017
1255.000000	4.989109	-0.062391	0.000000	3.961502e-128	1.052695e+018
1260.000000	5.014678	-0.036822	0.000000	3.693206e-131	2.814498e+018
1265.000000	5.041524	-0.009976	0.000000	6.573053e-132	7.903443e+018
1270.000000	5.071816	0.020316	0.000000	1.784430e-133	2.534043e+019
1275.000000	5.111669	0.060169	0.000000	1.965245e-132	1.173550e+020
1280.000000	5.166893	0.115393	0.000000	2.064250e-135	9.816048e+020
1285.000000	5.225428	0.173928	0.000000	8.933533e-138	9.325861e+021
1290.000000	5.284031	0.232531	0.000000	4.587531e-137	8.883099e+022
1295.000000	5.342633	0.291133	0.000000	4.635623e-138	8.461403e+023
1300.000000	5.401236	0.349736	0.000000	1.038537e-141	8.059724e+024
1305.000000	5.459839	0.408339	0.000000	1.358460e-140	7.677115e+025
1310.000000	5.518441	0.466941	0.000000	2.092562e-143	7.312668e+026
1315.000000	5.577044	0.525544	0.000000	1.132863e-143	6.965523e+027
1320.000000	5.635647	0.584147	0.000000	5.904316e-145	6.634857e+028
1325.000000	5.694249	0.642749	0.000000	5.829001e-147	6.319888e+029
1330.000000	5.752852	0.701352	0.000000	1.393516e-148	6.019872e+030
1335.000000	5.811455	0.759955	0.000000	9.443315e-148	5.734097e+031
1340.000000	5.870058	0.818558	0.000000	2.854950e-150	5.461889e+032
1345.000000	5.928660	0.877160	0.000000	3.642686e-152	5.202604e+033
1350.000000	5.987263	0.935763	0.000000	3.599733e-154	4.955627e+034
1355.000000	6.045866	0.994366	0.000000	5.618158e-155	4.720374e+035
1360.000000	6.104468	1.052968	0.000000	1.384380e-155	4.496289e+036
1365.000000	6.163071	1.111571	0.000000	1.752501e-158	4.282842e+037
1370.000000	6.221674	1.170174	0.000000	1.834552e-159	4.079528e+038
1375.000000	6.280276	1.228776	0.000000	3.976166e-162	3.885866e+039
1380.000000	6.338879	1.287379	0.000000	3.201250e-160	3.701396e+040
1385.000000	6.397482	1.345982	0.000000	1.576642e-162	3.525684e+041
1390.000000	6.456084	1.404584	0.000000	1.431656e-165	3.358314e+042
1395.000000	6.514687	1.463187	0.000000	5.128664e-164	3.198889e+043
1400.000000	6.573290	1.521790	0.000000	2.568534e-167	3.047032e+044
1405.000000	6.631892	1.580392	0.000000	3.047864e-171	2.902384e+045
1410.000000	6.690495	1.638995	0.000000	6.515777e-169	2.764602e+046
1415.000000	6.749098	1.697598	0.000000	3.713781e-169	2.633361e+047
1420.000000	6.807701	1.756201	0.000000	1.647231e-173	2.508351e+048
1425.000000	6.866303	1.814803	0.000000	1.827040e-173	2.389275e+049
1430.000000	6.924906	1.873406	0.000000	5.359243e-175	2.275852e+050
1435.000000	6.983509	1.932009	0.000000	2.776355e-178	2.167813e+051
1440.000000	7.042111	1.990611	0.000000	6.560192e-183	2.064903e+052
1445.000000	7.100714	2.049214	0.000000	6.301253e-180	1.966878e+053
1450.000000	7.159317	2.107817	0.000000	1.061167e-181	1.873507e+054
1455.000000	7.217919	2.166419	0.000000	7.011466e-183	1.784568e+055
1460.000000	7.276522	2.225022	0.000000	1.635170e-187	1.699852e+056
1465.000000	7.335125	2.283625	0.000000	4.427793e-187	1.619157e+057
1470.000000	7.393727	2.342227	0.000000	2.297116e-187	1.542292e+058
1475.000000	7.452330	2.400830	0.000000	4.973985e-188	1.469077e+059
1480.000000	7.510933	2.459433	0.000000	1.277108e-188	1.399337e+060
1485.000000	7.569535	2.518035	0.000000	2.739385e-192	1.332908e+061
1490.000000	7.628138	2.576638	0.000000	1.491097e-192	1.269633e+062
1495.000000	7.686741	2.635241	0.000000	7.272773e-196	1.209361e+063
1500.000000	7.745344	2.693844	0.000000	2.214525e-198	1.151950e+064
1505.000000	7.803946	2.752446	0.000000	9.915627e-198	1.097265e+065
1510.000000	7.862549	2.811049	0.000000	1.180105e-203	1.045176e+066
1515.000000	7.921152	2.869652	0.000000	3.928133e-200	9.955595e+066
1520.000000	7.979754	2.928254	0.000000	4.081720e-208	9.482985e+067
1525.000000	8.038357	2.986857	0.000000	5.920214e-204	9.032811e+068
1530.000000	8.096960	3.045460	0.000000	1.034468e-207	8.604007e+069
1535.000000	8.155562	3.104062	0.000000	1.196450e-207	8.195559e+070
1540.000000	8.214165	3.162665	0.000000	2.217951e-210	7.806501e+071
1545.000000	8.272768	3.221268	0.000000	5.516823e-210	7.435912e+072
1550.000000	8.331370	3.279870	0.000000	2.802182e-211	7.082916e+073
1555.000000	8.389973	3.338473	0.000000	6.895679e-218	6.746677e+074
1560.000000	8.448576	3.397076	0.000000	5.078786e-216	6.426400e+075
1565.000000	8.507178	3.455678	0.000000	3.274339e-220	6.121328e+076
1570.000000	8.565781	3.514281	0.000000	2.752885e-217	5.830737e+077
1575.000000	8.624384	3.572884	0.000000	9.441843e-224	5.553941e+078
1580.000000	8.682987	3.631487	0.000000	3.922844e-222	5.290286e+079
1585.000000	8.741589	3.690089	0.000000	1.500055e-226	5.039146e+080
1590.000000	8.800192	3.748692	0.000000	7.511450e-227	4.799929e+081
1595.000000	8.858795	3.807295	0.000000	1.965002e-230	4.572068e+082
1600.000000	8.917397	3.865897	0.000000	5.711528e-229	4.355023e+083
1605.000000	8.976000	3.924500	0.000000	5.402139e-231	4.148282e+084
1610.000000	9.034603	3.983103	0.000000	3.387554e-235	3.951356e+085
1615.000000	9.093205	4.041705	0.000000	1.069774e-234	3.763778e+086
1620.000000	9.151808	4.100308	0.000000	3.523306e-236	3.585105e+087
1625.000000	9.210411	4.158911	0.000000	1.583594e-239	3.414913e+088
1630.000000	9.269013	4.217513	0.000000	1.779868e-240	3.252801e+089
1635.000000	9.327616	4.276116	0.000000	7.920180e-242	3.098385e+090
1640.000000	9.386219	4.334719	0.000000	4.372175e-244	2.951299e+091
1645.000000	9.444821	4.393321	0.000000	8.038778e-245	2.811195e+092
1650.000000	9.503424	4.451924	0.000000	1.982521e-246	2.677743e+093
1655.000000	9.562027	4.510527	0.000000	9.648270e-249	2.550626e+094
1660.000000	9.620630	4.569130	0.000000	2.593742e-249	2.429543e+095
1665.000000	9.679232	4.627732	0.000000	5.037044e-251	2.314208e+096
1670.000000	9.737835	4.686335	0.000000	9.485700e-260	2.204348e+097
1675.000000	9.796438	4.744938	0.000000	1.984539e-256	2.099704e+098
1680.000000	9.855040	4.803540	0.000000	2.838392e-256	2.000027e+099
1685.000000	9.913643	4.862143	0.000000	4.919575e-258	1.905082e+100
1690.000000	9.972246	4.920746	0.000000	8.765882e-260	1.814645e+101
1695.000000	10.030848	4.979348	0.000000	2.212175e-261	1.728500e+102
1700.000000	10.089451	5.037951	0.000000	1.512754e-264	1.646445e+103
1705.000000	10.148054	5.096554	0.000000	2.896940e-264	1.568285e+104
1710.000000	10.206656	5.155156	0.000000	1.708973e-268	1.493836e+105
1715.000000	10.265259	5.213759	0.000000	1.770904e-270	1.422921e+106
1720.000000	10.841803	5.010603	0.000000	4.825584e-273	5.750983e+102
1730.000000	10.614681	4.783481	0.000000	7.335797e-275	9.246568e+098
1740.000000	10.387559	4.556359	0.000000	1.973953e-279	1.486685e+095
1750.000000	10.160438	4.329238	0.000000	1.473719e-282	2.390328e+091
1760.000000	9.933316	4.102116	0.000000	3.582430e-285	3.843227e+087
1770.000000	9.706194	3.874994	0.000000	4.744584e-289	6.179231e+083
1780.000000	9.479072	3.647872	0.000000	1.003165e-291	9.935116e+079
1790.000000	9.251950	3.420750	0.000000	7.068639e-296	1.597392e+076
1800.000000	9.024828	3.193628	0.000000	8.800513e-300	2.568324e+072
1810.000000	8.797706	2.966506	0.000000	1.107879e-302	4.129413e+068
1820.000000	8.570584	2.739384	0.000000	7.709332e-308	6.639369e+064
1830.000000	8.343462	2.512262	0.000000	1.708024e-311	1.067494e+061
1840.000000	8.116340	2.285140	0.000000	1.087305e-314	1.716342e+057
1850.000000	7.889218	2.058018	0.000000	9.203203e-318	2.759575e+053
1860.000000	7.662096	1.830896	0.000000	6.916919e-322	4.436911e+049
1870.000000	7.434974	1.603774	0.000000	0.000000e+000	7.133771e+045
1880.000000	7.207853	1.376653	0.000000	0.000000e+000	1.146985e+042
1890.000000	6.980731	1.149531	0.000000	0.000000e+000	1.844149e+038
1900.000000	6.753609	0.922409	0.000000	0.000000e+000	2.965067e+034
1910.000000	6.526487	0.695287	0.000000	0.000000e+000	4.767306e+030
1920.000000	6.299365	0.468165	0.000000	0.000000e+000	7.664989e+026
1930.000000	6.072244	0.241044	0.000000	0.000000e+000	1.232453e+023
1940.000000	5.872794	0.041594	0.000000	0.000000e+000	5.744206e+019
1950.000000	5.777782	-0.053418	0.000000	0.000000e+000	1.486564e+018
1960.000000	5.685560	-0.145640	0.000000	0.000000e+000	4.282877e+016
1970.000000	5.593418	-0.237782	0.000000	0.000000e+000	1.237770e+015
1980.000000	5.501279	-0.329921	0.000000	0.000000e+000	3.577536e+013
1990.000000	5.409140	-0.422060	0.000000	0.000000e+000	1.034020e+012
2000.000000	5.317001	-0.514199	0.000000	0.000000e+000	2.988643e+010
2010.000000	5.224863	-0.606337	0.000000	0.000000e+000	8.638117e+008
2020.000000	5.132724	-0.698476	0.000000	0.000000e+000	2.496687e+007
2030.000000	5.040585	-0.790615	0.000000	0.000000e+000	7.216210e+005
2040.000000	4.948446	-0.882754	0.000000	0.000000e+000	2.085711e+004
2050.000000	4.856307	-0.974893	0.000000	0.000000e+000	6.028361e+002
2060.000000	4.764168	-1.067032	0.000000	0.000000e+000	1.742386e+001
2070.000000	4.672029	-1.159171	0.000000	0.000000e+000	5.036042e-001
2080.000000	4.579890	-1.251310	0.000000	0.000000e+000	1.455574e-002
2090.000000	4.487751	-1.343449	0.000000	0.000000e+000	4.207067e-004
2100.000000	4.395612	-1.435588	0.000000	0.000000e+000	1.215975e-005
2110.000000	4.303473	-1.527727	0.000000	0.000000e+000	3.514549e-007
2120.000000	4.211334	-1.619866	0.000000	0.000000e+000	1.015815e-008
2130.000000	4.119195	-1.712005	0.000000	0.000000e+000	2.936024e-010
2140.000000	4.027056	-1.804144	0.000000	0.000000e+000	8.486032e-012
2150.000000	3.934918	-1.896282	0.000000	0.000000e+000	2.452730e-013
2160.000000	3.842779	-1.988421	0.000000	0.000000e+000	7.089160e-015
2170.000000	3.750640	-2.080560	0.000000	0.000000e+000	2.048990e-016
2180.000000	3.658501	-2.172699	0.000000	0.000000e+000	5.922225e-018
2190.000000	3.566362	-2.264838	0.000000	0.000000e+000	1.711709e-019
2200.000000	3.474223	-2.356977	0.000000	0.000000e+000	4.947377e-021
2210.000000	3.382084	-2.449116	0.000000	0.000000e+000	1.429947e-022
2220.000000	3.289945	-2.541255	0.000000	0.000000e+000	4.132997e-024
2230.000000	3.197806	-2.633394	0.000000	0.000000e+000	1.194566e-025
2240.000000	3.105667	-2.725533	0.000000	0.000000e+000	3.452671e-027
2250.000000	3.013528	-2.817672	0.000000	0.000000e+000	9.979303e-029
2260.000000	2.921389	-2.909811	0.000000	0.000000e+000	2.884332e-030
2270.000000	2.829250	-3.001950	0.000000	0.000000e+000	8.336626e-032
2280.000000	2.737111	-3.094089	0.000000	0.000000e+000	2.409547e-033
2290.000000	2.644973	-3.186227	0.000000	0.000000e+000	6.964347e-035
2300.000000	2.552834	-3.278366	0.000000	0.000000e+000	2.012915e-036
2310.000000	2.460695	-3.370505	0.000000	0.000000e+000	5.817957e-038
2320.000000	2.368556	-3.462644	0.000000	0.000000e+000	1.681572e-039
2330.000000	2.276417	-3.554783	0.000000	0.000000e+000	4.860272e-041
2340.000000	2.184278	-3.646922	0.000000	0.000000e+000	1.404771e-042
2350.000000	2.092139	-3.739061	0.000000	0.000000e+000	4.060230e-044
2360.000000	2.000000	-3.831200	0.000000	0.000000e+000	1.173534e-045
