x	Ec	Ev	Ef	n	p
0.000000	2.500000	-3.223500	0.000000	9.529339e-006	1.660711e-035
5.000000	2.378979	-3.344521	0.000000	1.609319e-006	1.580537e-037
10.000000	2.261126	-3.462374	0.000000	8.524748e-008	1.699156e-039
15.000000	2.146441	-3.577059	0.000000	8.065275e-007	2.063385e-041
20.000000	2.034925	-3.688575	0.000000	8.548667e-006	2.830384e-043
25.000000	1.926576	-3.796924	0.000000	6.826278e-007	4.385597e-045
30.000000	1.821395	-3.902105	0.000000	1.333477e-005	7.675917e-047
35.000000	1.719383	-4.004117	0.000000	2.440281e-004	1.517575e-048
40.000000	1.620538	-4.102962	0.000000	4.222476e-003	3.389129e-050
45.000000	1.524862	-4.198638	0.000000	6.650499e-002	8.549570e-052
50.000000	1.432354	-4.291146	0.000000	9.563319e-001	2.436232e-053
55.000000	1.343013	-4.380487	0.000000	1.253364e+001	7.841720e-055
60.000000	1.256841	-4.466659	0.000000	1.499876e+002	2.851164e-056
65.000000	1.173837	-4.549663	0.000000	1.641365e+003	1.170985e-057
70.000000	1.094001	-4.629499	0.000000	1.644346e+004	5.432484e-059
75.000000	1.017333	-4.706167	0.000000	1.508920e+005	2.846846e-060
80.000000	0.943833	-4.779667	0.000000	1.268457e+006	1.685185e-061
85.000000	0.873501	-4.849999	0.000000	9.766405e+006	1.126807e-062
90.000000	0.806337	-4.917163	0.000000	6.884575e+007	8.510787e-064
95.000000	0.742341	-4.981159	0.000000	4.441246e+008	7.261194e-065
100.000000	0.681514	-5.041986	0.000000	2.620678e+009	6.997849e-066
105.000000	0.623854	-5.099646	0.000000	1.413853e+010	7.617972e-067
110.000000	0.569363	-5.154137	0.000000	6.970858e+010	9.367686e-068
115.000000	0.518039	-5.205461	0.000000	3.139627e+011	1.301198e-068
120.000000	0.469884	-5.253616	0.000000	1.291244e+012	2.041611e-069
125.000000	0.424896	-5.298604	0.000000	4.847477e+012	3.618433e-070
130.000000	0.383077	-5.340423	0.000000	1.660542e+013	7.244131e-071
135.000000	0.344426	-5.379074	0.000000	5.188840e+013	1.638212e-071
140.000000	0.308943	-5.414557	0.000000	1.478581e+014	4.184771e-072
145.000000	0.276627	-5.446873	0.000000	3.841100e+014	1.207509e-072
150.000000	0.247480	-5.476020	0.000000	9.095306e+014	3.935714e-073
155.000000	0.221500	-5.502000	0.000000	1.963191e+015	1.448996e-073
160.000000	0.198687	-5.524813	0.000000	3.866397e+015	6.025755e-074
165.000000	0.179041	-5.544459	0.000000	6.973462e+015	2.830349e-074
170.000000	0.162558	-5.560942	0.000000	1.165554e+016	1.501500e-074
175.000000	0.149238	-5.574262	0.000000	1.869671e+016	8.995514e-075
180.000000	0.139076	-5.584424	0.000000	3.148001e+016	6.085273e-075
185.000000	0.132065	-5.591435	0.000000	6.492705e+016	4.647023e-075
190.000000	0.128188	-5.595312	0.000000	1.801116e+017	4.003273e-075
190.100000	0.128110	-5.595390	0.000000	1.846412e+017	3.991203e-075
190.200000	0.128031	-5.595469	0.000000	1.892968e+017	3.979164e-075
190.300000	0.127952	-5.595548	0.000000	1.940822e+017	3.967154e-075
190.400000	0.127874	-5.595626	0.000000	1.990009e+017	3.955175e-075
190.500000	0.127795	-5.595705	0.000000	2.040567e+017	3.943226e-075
190.600000	0.127716	-5.595784	0.000000	2.092537e+017	3.931306e-075
190.700000	0.127638	-5.595862	0.000000	2.145956e+017	3.919415e-075
190.800000	0.127559	-5.595941	0.000000	2.200867e+017	3.907554e-075
190.900000	0.127480	-5.596020	0.000000	2.257313e+017	3.895721e-075
191.000000	0.127401	-5.596099	0.000000	2.315335e+017	3.883917e-075
191.100000	0.127322	-5.596178	0.000000	2.374980e+017	3.872142e-075
191.200000	0.127243	-5.596257	0.000000	2.436292e+017	3.860395e-075
191.300000	0.127164	-5.596336	0.000000	2.499320e+017	3.848676e-075
191.400000	0.127085	-5.596415	0.000000	2.564113e+017	3.836985e-075
191.500000	0.127006	-5.596494	0.000000	2.630719e+017	3.825321e-075
191.600000	0.126927	-5.596573	0.000000	2.699190e+017	3.813685e-075
191.700000	0.126847	-5.596653	0.000000	2.769580e+017	3.802075e-075
191.800000	0.126768	-5.596732	0.000000	2.841943e+017	3.790493e-075
191.900000	0.126689	-5.596811	0.000000	2.916334e+017	3.778937e-075
192.000000	0.126609	-5.596891	0.000000	2.992811e+017	3.767407e-075
192.100000	0.126530	-5.596970	0.000000	3.071433e+017	3.755904e-075
192.200000	0.126450	-5.597050	0.000000	3.152261e+017	3.744426e-075
192.300000	0.126370	-5.597130	0.000000	3.235357e+017	3.732974e-075
192.400000	0.126291	-5.597209	0.000000	3.320786e+017	3.721547e-075
192.500000	0.126211	-5.597289	0.000000	3.408613e+017	3.710145e-075
192.600000	0.126131	-5.597369	0.000000	3.498907e+017	3.698767e-075
192.700000	0.126051	-5.597449	0.000000	3.591737e+017	3.687414e-075
192.800000	0.125971	-5.597529	0.000000	3.687176e+017	3.676086e-075
192.900000	0.125891	-5.597609	0.000000	3.785296e+017	3.664781e-075
193.000000	0.125811	-5.597689	0.000000	3.886174e+017	3.653499e-075
193.100000	0.125731	-5.597769	0.000000	3.989888e+017	3.642241e-075
193.200000	0.125650	-5.597850	0.000000	4.096518e+017	3.631006e-075
193.300000	0.125570	-5.597930	0.000000	4.206146e+017	3.619793e-075
193.400000	0.125489	-5.598011	0.000000	4.318858e+017	3.608603e-075
193.500000	0.125409	-5.598091	0.000000	4.434740e+017	3.597434e-075
193.600000	0.125328	-5.598172	0.000000	4.553883e+017	3.586287e-075
193.700000	0.125247	-5.598253	0.000000	4.676378e+017	3.575162e-075
193.800000	0.125167	-5.598333	0.000000	4.802320e+017	3.564058e-075
193.900000	0.125086	-5.598414	0.000000	4.931807e+017	3.552974e-075
194.000000	0.125004	-5.598496	0.000000	5.064938e+017	3.541910e-075
194.100000	0.124923	-5.598577	0.000000	5.201818e+017	3.530867e-075
194.200000	0.124842	-5.598658	0.000000	5.342551e+017	3.519843e-075
194.300000	0.124761	-5.598739	0.000000	5.487247e+017	3.508838e-075
194.400000	0.124679	-5.598821	0.000000	5.636017e+017	3.497852e-075
194.500000	0.124597	-5.598903	0.000000	5.788977e+017	3.486884e-075
194.600000	0.124516	-5.598984	0.000000	5.946245e+017	3.475935e-075
194.700000	0.124434	-5.599066	0.000000	6.107943e+017	3.465003e-075
194.800000	0.124352	-5.599148	0.000000	6.274195e+017	3.454088e-075
194.900000	0.124269	-5.599231	0.000000	6.445131e+017	3.443190e-075
195.000000	0.124187	-5.599313	0.000000	6.620882e+017	3.432309e-075
195.100000	0.124105	-5.599395	0.000000	6.801585e+017	3.421444e-075
195.200000	0.124022	-5.599478	0.000000	6.987379e+017	3.410594e-075
195.300000	0.123939	-5.599561	0.000000	7.178408e+017	3.399759e-075
195.400000	0.123857	-5.599643	0.000000	7.374819e+017	3.388939e-075
195.500000	0.123774	-5.599726	0.000000	7.576765e+017	3.378133e-075
195.600000	0.123690	-5.599810	0.000000	7.784401e+017	3.367341e-075
195.700000	0.123607	-5.599893	0.000000	7.997888e+017	3.356562e-075
195.800000	0.123523	-5.599977	0.000000	8.217391e+017	3.345796e-075
195.900000	0.123440	-5.600060	0.000000	8.443079e+017	3.335042e-075
196.000000	0.123356	-5.600144	0.000000	8.675128e+017	3.324300e-075
196.100000	0.123272	-5.600228	0.000000	8.913716e+017	3.313569e-075
196.200000	0.123188	-5.600312	0.000000	9.159027e+017	3.302849e-075
196.300000	0.123103	-5.600397	0.000000	9.411252e+017	3.292140e-075
196.400000	0.123018	-5.600482	0.000000	9.670584e+017	3.281439e-075
196.500000	0.122934	-5.600566	0.000000	9.937224e+017	3.270748e-075
196.600000	0.122849	-5.600651	0.000000	1.021138e+018	3.260066e-075
196.700000	0.122763	-5.600737	0.000000	1.049326e+018	3.249391e-075
196.800000	0.122678	-5.600822	0.000000	1.078308e+018	3.238724e-075
196.900000	0.122592	-5.600908	0.000000	1.108107e+018	3.228063e-075
197.000000	0.122506	-5.600994	0.000000	1.138745e+018	3.217409e-075
197.100000	0.122420	-5.601080	0.000000	1.170247e+018	3.206760e-075
197.200000	0.122333	-5.601167	0.000000	1.202637e+018	3.196116e-075
197.300000	0.122247	-5.601253	0.000000	1.235939e+018	3.185476e-075
197.400000	0.122160	-5.601340	0.000000	1.270179e+018	3.174840e-075
197.500000	0.122073	-5.601427	0.000000	1.305384e+018	3.164207e-075
197.600000	0.121985	-5.601515	0.000000	1.341580e+018	3.153575e-075
197.700000	0.121897	-5.601603	0.000000	1.378796e+018	3.142946e-075
197.800000	0.121809	-5.601691	0.000000	1.417061e+018	3.132317e-075
197.900000	0.121721	-5.601779	0.000000	1.456403e+018	3.121688e-075
198.000000	0.121632	-5.601868	0.000000	1.496853e+018	3.111058e-075
198.100000	0.121543	-5.601957	0.000000	1.538442e+018	3.100427e-075
198.200000	0.121454	-5.602046	0.000000	1.581203e+018	3.089794e-075
198.300000	0.121364	-5.602136	0.000000	1.625168e+018	3.079157e-075
198.400000	0.121274	-5.602226	0.000000	1.670370e+018	3.068517e-075
198.500000	0.121184	-5.602316	0.000000	1.716845e+018	3.057872e-075
198.600000	0.121093	-5.602407	0.000000	1.764629e+018	3.047221e-075
198.700000	0.121002	-5.602498	0.000000	1.813758e+018	3.036564e-075
198.800000	0.120911	-5.602589	0.000000	1.864269e+018	3.025900e-075
198.900000	0.120819	-5.602681	0.000000	1.916202e+018	3.015227e-075
199.000000	0.120726	-5.602774	0.000000	1.969597e+018	3.004545e-075
199.100000	0.120634	-5.602866	0.000000	2.024494e+018	2.993854e-075
199.200000	0.120541	-5.602959	0.000000	2.080936e+018	2.983151e-075
199.300000	0.120447	-5.603053	0.000000	2.138966e+018	2.972436e-075
199.400000	0.120353	-5.603147	0.000000	2.198628e+018	2.961709e-075
199.500000	0.120259	-5.603241	0.000000	2.259969e+018	2.950967e-075
199.600000	0.120164	-5.603336	0.000000	2.323034e+018	2.940210e-075
199.700000	0.120068	-5.603432	0.000000	2.387874e+018	2.929438e-075
199.800000	0.119972	-5.603528	0.000000	2.454536e+018	2.918648e-075
199.900000	0.119876	-5.603624	0.000000	2.523073e+018	2.907840e-075
200.000000	0.119779	-5.603721	0.000000	2.593537e+018	2.897013e-075
200.100000	0.119681	-5.603819	0.000000	2.665981e+018	2.886165e-075
200.200000	0.119583	-5.603917	0.000000	2.740461e+018	2.875295e-075
200.300000	0.119484	-5.604016	0.000000	2.817035e+018	2.864403e-075
200.400000	0.119385	-5.604115	0.000000	2.895759e+018	2.853487e-075
200.500000	0.119285	-5.604215	0.000000	2.976696e+018	2.842545e-075
200.600000	0.119185	-5.604315	0.000000	3.059906e+018	2.831577e-075
200.700000	0.119084	-5.604416	0.000000	3.145454e+018	2.820582e-075
200.800000	0.118982	-5.604518	0.000000	3.233404e+018	2.809557e-075
200.900000	0.118879	-5.604621	0.000000	3.323823e+018	2.798502e-075
201.000000	0.118776	-5.604724	0.000000	3.416781e+018	2.787415e-075
201.100000	0.118672	-5.604828	0.000000	3.512348e+018	2.776295e-075
201.200000	0.118567	-5.604933	0.000000	3.610597e+018	2.765140e-075
201.300000	0.118462	-5.605038	0.000000	3.711604e+018	2.753949e-075
201.400000	0.118356	-5.605144	0.000000	3.815444e+018	2.742722e-075
201.500000	0.118249	-5.605251	0.000000	3.922197e+018	2.731455e-075
201.600000	0.118141	-5.605359	0.000000	4.031945e+018	2.720148e-075
201.700000	0.118032	-5.605468	0.000000	4.144770e+018	2.708799e-075
201.800000	0.117923	-5.605577	0.000000	4.260758e+018	2.697406e-075
201.900000	0.117812	-5.605688	0.000000	4.379998e+018	2.685969e-075
202.000000	0.117701	-5.605799	0.000000	4.502580e+018	2.674485e-075
202.100000	0.117588	-5.605912	0.000000	4.628597e+018	2.662952e-075
202.200000	0.117475	-5.606025	0.000000	4.758144e+018	2.651370e-075
202.300000	0.117361	-5.606139	0.000000	4.891321e+018	2.639736e-075
202.400000	0.117245	-5.606255	0.000000	5.028227e+018	2.628049e-075
202.500000	0.117129	-5.606371	0.000000	5.168967e+018	2.616307e-075
202.600000	0.117011	-5.606489	0.000000	5.313647e+018	2.604507e-075
202.700000	0.116893	-5.606607	0.000000	5.462376e+018	2.592649e-075
202.800000	0.116773	-5.606727	0.000000	5.615267e+018	2.580731e-075
202.900000	0.116652	-5.606848	0.000000	5.772435e+018	2.568750e-075
203.000000	0.116530	-5.606970	0.000000	5.934000e+018	2.556705e-075
203.100000	0.116406	-5.607094	0.000000	6.100083e+018	2.544594e-075
203.200000	0.116282	-5.607218	0.000000	6.270809e+018	2.532415e-075
203.300000	0.116156	-5.607344	0.000000	6.446308e+018	2.520166e-075
203.400000	0.116028	-5.607472	0.000000	6.626711e+018	2.507845e-075
203.500000	0.115899	-5.607601	0.000000	6.812153e+018	2.495449e-075
203.600000	0.115769	-5.607731	0.000000	7.002776e+018	2.482978e-075
203.700000	0.115637	-5.607863	0.000000	7.198722e+018	2.470428e-075
203.800000	0.115504	-5.607996	0.000000	7.400138e+018	2.457799e-075
203.900000	0.115369	-5.608131	0.000000	7.607175e+018	2.445086e-075
204.000000	0.115233	-5.608267	0.000000	7.819990e+018	2.432290e-075
204.100000	0.115095	-5.608405	0.000000	8.038741e+018	2.419406e-075
204.200000	0.114955	-5.608545	0.000000	8.263592e+018	2.406434e-075
204.300000	0.114813	-5.608687	0.000000	8.494712e+018	2.393371e-075
204.400000	0.114670	-5.608830	0.000000	8.732274e+018	2.380214e-075
204.500000	0.114525	-5.608975	0.000000	8.976455e+018	2.366962e-075
204.600000	0.114378	-5.609122	0.000000	9.227437e+018	2.353612e-075
204.700000	0.114229	-5.609271	0.000000	9.485409e+018	2.340162e-075
204.800000	0.114078	-5.609422	0.000000	9.750562e+018	2.326610e-075
204.900000	0.113925	-5.609575	0.000000	1.002309e+019	2.312953e-075
205.000000	0.113770	-5.609730	0.000000	1.030321e+019	2.299189e-075
205.100000	0.113612	-5.609888	0.000000	1.059111e+019	2.285316e-075
205.200000	0.113453	-5.610047	0.000000	1.088702e+019	2.271331e-075
205.300000	0.113291	-5.610209	0.000000	1.119115e+019	2.257232e-075
205.400000	0.113126	-5.610374	0.000000	1.150373e+019	2.243017e-075
205.500000	0.112960	-5.610540	0.000000	1.182500e+019	2.228683e-075
205.600000	0.112791	-5.610709	0.000000	1.215518e+019	2.214228e-075
205.700000	0.112619	-5.610881	0.000000	1.249452e+019	2.199650e-075
205.800000	0.112444	-5.611056	0.000000	1.284328e+019	2.184946e-075
205.900000	0.112267	-5.611233	0.000000	1.320171e+019	2.170114e-075
206.000000	0.112087	-5.611413	0.000000	1.357008e+019	2.155151e-075
206.100000	0.111905	-5.611595	0.000000	1.394865e+019	2.140056e-075
206.200000	0.111719	-5.611781	0.000000	1.433771e+019	2.124826e-075
206.300000	0.111530	-5.611970	0.000000	1.473754e+019	2.109458e-075
206.400000	0.111338	-5.612162	0.000000	1.514843e+019	2.093952e-075
206.500000	0.111143	-5.612357	0.000000	1.557069e+019	2.078303e-075
206.600000	0.110945	-5.612555	0.000000	1.600463e+019	2.062511e-075
206.700000	0.110743	-5.612757	0.000000	1.645055e+019	2.046572e-075
206.800000	0.110538	-5.612962	0.000000	1.690880e+019	2.030486e-075
206.900000	0.110330	-5.613170	0.000000	1.737969e+019	2.014249e-075
207.000000	0.110117	-5.613383	0.000000	1.786359e+019	1.997860e-075
207.100000	0.109901	-5.613599	0.000000	1.836083e+019	1.981318e-075
207.200000	0.109681	-5.613819	0.000000	1.887177e+019	1.964619e-075
207.300000	0.109457	-5.614043	0.000000	1.939680e+019	1.947762e-075
207.400000	0.109229	-5.614271	0.000000	1.993629e+019	1.930746e-075
207.500000	0.108996	-5.614504	0.000000	2.049062e+019	1.913569e-075
207.600000	0.108760	-5.614740	0.000000	2.106021e+019	1.896229e-075
207.700000	0.108519	-5.614981	0.000000	2.164545e+019	1.878725e-075
207.800000	0.108273	-5.615227	0.000000	2.224678e+019	1.861055e-075
207.900000	0.108022	-5.615478	0.000000	2.286461e+019	1.843218e-075
208.000000	0.107767	-5.615733	0.000000	2.349941e+019	1.825214e-075
208.100000	0.107507	-5.615993	0.000000	2.415161e+019	1.807040e-075
208.200000	0.107242	-5.616258	0.000000	2.482169e+019	1.788696e-075
208.300000	0.106971	-5.616529	0.000000	2.551013e+019	1.770182e-075
208.400000	0.106695	-5.616805	0.000000	2.621741e+019	1.751497e-075
208.500000	0.106414	-5.617086	0.000000	2.694404e+019	1.732640e-075
208.600000	0.106127	-5.617373	0.000000	2.769053e+019	1.713611e-075
208.700000	0.105834	-5.617666	0.000000	2.845742e+019	1.694410e-075
208.800000	0.105535	-5.617965	0.000000	2.924523e+019	1.675037e-075
208.900000	0.105230	-5.618270	0.000000	3.005454e+019	1.655492e-075
209.000000	0.104918	-5.618582	0.000000	3.088590e+019	1.635776e-075
209.100000	0.104600	-5.618900	0.000000	3.173990e+019	1.615890e-075
209.200000	0.104275	-5.619225	0.000000	3.261714e+019	1.595834e-075
209.300000	0.103944	-5.619556	0.000000	3.351822e+019	1.575609e-075
209.400000	0.103605	-5.619895	0.000000	3.444379e+019	1.555217e-075
209.500000	0.103259	-5.620241	0.000000	3.539448e+019	1.534660e-075
209.600000	0.102906	-5.620594	0.000000	3.637095e+019	1.513940e-075
209.700000	0.102545	-5.620955	0.000000	3.737387e+019	1.493058e-075
209.800000	0.102176	-5.621324	0.000000	3.840394e+019	1.472018e-075
209.900000	0.101798	-5.621702	0.000000	3.946186e+019	1.450821e-075
210.000000	-0.344987	-5.396487	0.000000	3.616476e+019	8.385236e-072
210.100000	-0.342420	-5.393920	0.000000	3.702350e+019	9.255386e-072
210.200000	-0.339861	-5.391361	0.000000	3.787545e+019	1.021279e-071
210.300000	-0.337309	-5.388809	0.000000	3.872002e+019	1.126580e-071
210.400000	-0.334766	-5.386266	0.000000	3.955662e+019	1.242351e-071
210.500000	-0.332231	-5.383731	0.000000	4.038468e+019	1.369583e-071
210.600000	-0.329704	-5.381204	0.000000	4.120368e+019	1.509354e-071
210.700000	-0.327186	-5.378686	0.000000	4.201308e+019	1.662839e-071
210.800000	-0.324677	-5.376177	0.000000	4.281238e+019	1.831312e-071
210.900000	-0.322177	-5.373677	0.000000	4.360108e+019	2.016159e-071
211.000000	-0.319686	-5.371186	0.000000	4.437872e+019	2.218887e-071
211.100000	-0.317204	-5.368704	0.000000	4.514484e+019	2.441126e-071
211.200000	-0.314732	-5.366232	0.000000	4.589902e+019	2.684650e-071
211.300000	-0.312269	-5.363769	0.000000	4.664083e+019	2.951377e-071
211.400000	-0.309816	-5.361316	0.000000	4.736990e+019	3.243388e-071
211.500000	-0.307373	-5.358873	0.000000	4.808582e+019	3.562931e-071
211.600000	-0.304940	-5.356440	0.000000	4.878827e+019	3.912443e-071
211.700000	-0.302517	-5.354017	0.000000	4.947688e+019	4.294554e-071
211.800000	-0.300105	-5.351605	0.000000	5.015135e+019	4.712109e-071
211.900000	-0.297703	-5.349203	0.000000	5.081137e+019	5.168176e-071
212.000000	-0.295311	-5.346811	0.000000	5.145666e+019	5.666068e-071
212.100000	-0.292931	-5.344431	0.000000	5.208695e+019	6.209355e-071
212.200000	-0.290561	-5.342061	0.000000	5.270201e+019	6.801883e-071
212.300000	-0.288202	-5.339702	0.000000	5.330159e+019	7.447794e-071
212.400000	-0.285855	-5.337355	0.000000	5.388550e+019	8.151546e-071
212.500000	-0.283518	-5.335018	0.000000	5.445353e+019	8.917928e-071
212.600000	-0.281194	-5.332694	0.000000	5.500551e+019	9.752091e-071
212.700000	-0.278880	-5.330380	0.000000	5.554128e+019	1.065956e-070
212.800000	-0.276578	-5.328078	0.000000	5.606070e+019	1.164627e-070
212.900000	-0.274288	-5.325788	0.000000	5.656364e+019	1.271857e-070
213.000000	-0.272010	-5.323510	0.000000	5.705000e+019	1.388329e-070
213.100000	-0.269744	-5.321244	0.000000	5.751967e+019	1.514771e-070
213.200000	-0.267490	-5.318990	0.000000	5.797259e+019	1.651965e-070
213.300000	-0.265248	-5.316748	0.000000	5.840867e+019	1.800743e-070
213.400000	-0.263018	-5.314518	0.000000	5.882789e+019	1.961999e-070
213.500000	-0.260800	-5.312300	0.000000	5.923020e+019	2.136684e-070
213.600000	-0.258595	-5.310095	0.000000	5.961558e+019	2.325814e-070
213.700000	-0.256402	-5.307902	0.000000	5.998403e+019	2.530470e-070
213.800000	-0.254222	-5.305722	0.000000	6.033555e+019	2.751806e-070
213.900000	-0.252055	-5.303555	0.000000	6.067017e+019	2.991050e-070
214.000000	-0.249900	-5.301400	0.000000	6.098791e+019	3.249507e-070
214.100000	-0.247758	-5.299258	0.000000	6.128883e+019	3.528566e-070
214.200000	-0.245628	-5.297128	0.000000	6.157297e+019	3.829701e-070
214.300000	-0.243512	-5.295012	0.000000	6.184041e+019	4.154477e-070
214.400000	-0.241409	-5.292909	0.000000	6.209122e+019	4.504554e-070
214.500000	-0.239318	-5.290818	0.000000	6.232550e+019	4.881690e-070
214.600000	-0.237241	-5.288741	0.000000	6.254335e+019	5.287750e-070
214.700000	-0.235176	-5.286676	0.000000	6.274488e+019	5.724704e-070
214.800000	-0.233125	-5.284625	0.000000	6.293020e+019	6.194639e-070
214.900000	-0.231087	-5.282587	0.000000	6.309946e+019	6.699757e-070
215.000000	-0.229062	-5.280562	0.000000	6.325277e+019	7.242385e-070
215.100000	-0.227050	-5.278550	0.000000	6.339031e+019	7.824979e-070
215.200000	-0.225052	-5.276552	0.000000	6.351221e+019	8.450128e-070
215.300000	-0.223067	-5.274567	0.000000	6.361864e+019	9.120559e-070
215.400000	-0.221095	-5.272595	0.000000	6.370977e+019	9.839144e-070
215.500000	-0.219137	-5.270637	0.000000	6.378577e+019	1.060891e-069
215.600000	-0.217192	-5.268692	0.000000	6.384684e+019	1.143302e-069
215.700000	-0.215260	-5.266760	0.000000	6.389316e+019	1.231483e-069
215.800000	-0.213342	-5.264842	0.000000	6.392493e+019	1.325783e-069
215.900000	-0.211437	-5.262937	0.000000	6.394235e+019	1.426570e-069
216.000000	-0.209545	-5.261045	0.000000	6.394562e+019	1.534230e-069
216.100000	-0.207667	-5.259167	0.000000	6.393496e+019	1.649166e-069
216.200000	-0.205802	-5.257302	0.000000	6.391058e+019	1.771801e-069
216.300000	-0.203950	-5.255450	0.000000	6.387270e+019	1.902576e-069
216.400000	-0.202112	-5.253612	0.000000	6.382156e+019	2.041955e-069
216.500000	-0.200287	-5.251787	0.000000	6.375737e+019	2.190418e-069
216.600000	-0.198476	-5.249976	0.000000	6.368036e+019	2.348472e-069
216.700000	-0.196678	-5.248178	0.000000	6.359078e+019	2.516640e-069
216.800000	-0.194893	-5.246393	0.000000	6.348886e+019	2.695471e-069
216.900000	-0.193121	-5.244621	0.000000	6.337484e+019	2.885535e-069
217.000000	-0.191363	-5.242863	0.000000	6.324896e+019	3.087427e-069
217.100000	-0.189618	-5.241118	0.000000	6.311146e+019	3.301764e-069
217.200000	-0.187886	-5.239386	0.000000	6.296259e+019	3.529188e-069
217.300000	-0.186167	-5.237667	0.000000	6.280260e+019	3.770367e-069
217.400000	-0.184462	-5.235962	0.000000	6.263174e+019	4.025992e-069
217.500000	-0.182769	-5.234269	0.000000	6.245025e+019	4.296783e-069
217.600000	-0.181090	-5.232590	0.000000	6.225838e+019	4.583485e-069
217.700000	-0.179423	-5.230923	0.000000	6.205639e+019	4.886868e-069
217.800000	-0.177770	-5.229270	0.000000	6.184453e+019	5.207731e-069
217.900000	-0.176129	-5.227629	0.000000	6.162304e+019	5.546901e-069
218.000000	-0.174502	-5.226002	0.000000	6.139217e+019	5.905232e-069
218.100000	-0.172887	-5.224387	0.000000	6.115219e+019	6.283607e-069
218.200000	-0.171285	-5.222785	0.000000	6.090333e+019	6.682938e-069
218.300000	-0.169696	-5.221196	0.000000	6.064584e+019	7.104165e-069
218.400000	-0.168119	-5.219619	0.000000	6.037998e+019	7.548257e-069
218.500000	-0.166555	-5.218055	0.000000	6.010599e+019	8.016216e-069
218.600000	-0.165004	-5.216504	0.000000	5.982411e+019	8.509071e-069
218.700000	-0.163465	-5.214965	0.000000	5.953459e+019	9.027881e-069
218.800000	-0.161939	-5.213439	0.000000	5.923768e+019	9.573737e-069
218.900000	-0.160425	-5.211925	0.000000	5.893361e+019	1.014776e-068
219.000000	-0.158923	-5.210423	0.000000	5.862263e+019	1.075110e-068
219.100000	-0.157434	-5.208934	0.000000	5.830497e+019	1.138494e-068
219.200000	-0.155957	-5.207457	0.000000	5.798087e+019	1.205050e-068
219.300000	-0.154492	-5.205992	0.000000	5.765055e+019	1.274902e-068
219.400000	-0.153039	-5.204539	0.000000	5.731426e+019	1.348177e-068
219.500000	-0.151598	-5.203098	0.000000	5.697223e+019	1.425007e-068
219.600000	-0.150169	-5.201669	0.000000	5.662466e+019	1.505524e-068
219.700000	-0.148751	-5.200251	0.000000	5.627181e+019	1.589867e-068
219.800000	-0.147346	-5.198846	0.000000	5.591387e+019	1.678175e-068
219.900000	-0.145952	-5.197452	0.000000	5.555108e+019	1.770591e-068
220.000000	-0.144570	-5.196070	0.000000	5.518364e+019	1.867262e-068
220.100000	-0.143199	-5.194699	0.000000	5.481178e+019	1.968336e-068
220.200000	-0.141840	-5.193340	0.000000	5.443569e+019	2.073967e-068
220.300000	-0.140493	-5.191993	0.000000	5.405560e+019	2.184310e-068
220.400000	-0.139156	-5.190656	0.000000	5.367170e+019	2.299523e-068
220.500000	-0.137831	-5.189331	0.000000	5.328419e+019	2.419769e-068
220.600000	-0.136517	-5.188017	0.000000	5.289327e+019	2.545210e-068
220.700000	-0.135214	-5.186714	0.000000	5.249914e+019	2.676016e-068
220.800000	-0.133922	-5.185422	0.000000	5.210198e+019	2.812356e-068
220.900000	-0.132641	-5.184141	0.000000	5.170200e+019	2.954404e-068
221.000000	-0.131370	-5.182870	0.000000	5.129936e+019	3.102335e-068
221.100000	-0.130111	-5.181611	0.000000	5.089426e+019	3.256330e-068
221.200000	-0.128862	-5.180362	0.000000	5.048687e+019	3.416569e-068
221.300000	-0.127623	-5.179123	0.000000	5.007737e+019	3.583237e-068
221.400000	-0.126396	-5.177896	0.000000	4.966593e+019	3.756523e-068
221.500000	-0.125178	-5.176678	0.000000	4.925271e+019	3.936615e-068
221.600000	-0.123971	-5.175471	0.000000	4.883789e+019	4.123706e-068
221.700000	-0.122774	-5.174274	0.000000	4.842162e+019	4.317993e-068
221.800000	-0.121587	-5.173087	0.000000	4.800407e+019	4.519672e-068
221.900000	-0.120410	-5.171910	0.000000	4.758538e+019	4.728944e-068
222.000000	-0.119243	-5.170743	0.000000	4.716572e+019	4.946012e-068
222.100000	-0.118086	-5.169586	0.000000	4.674523e+019	5.171081e-068
222.200000	-0.116939	-5.168439	0.000000	4.632404e+019	5.404359e-068
222.300000	-0.115802	-5.167302	0.000000	4.590232e+019	5.646056e-068
222.400000	-0.114674	-5.166174	0.000000	4.548019e+019	5.896384e-068
222.500000	-0.113555	-5.165055	0.000000	4.505778e+019	6.155558e-068
222.600000	-0.112446	-5.163946	0.000000	4.463524e+019	6.423795e-068
222.700000	-0.111347	-5.162847	0.000000	4.421269e+019	6.701315e-068
222.800000	-0.110256	-5.161756	0.000000	4.379025e+019	6.988337e-068
222.900000	-0.109175	-5.160675	0.000000	4.336805e+019	7.285085e-068
223.000000	-0.108103	-5.159603	0.000000	4.294620e+019	7.591785e-068
223.100000	-0.107039	-5.158539	0.000000	4.252483e+019	7.908664e-068
223.200000	-0.105985	-5.157485	0.000000	4.210404e+019	8.235951e-068
223.300000	-0.104940	-5.156440	0.000000	4.168395e+019	8.573878e-068
223.400000	-0.103903	-5.155403	0.000000	4.126465e+019	8.922677e-068
223.500000	-0.102875	-5.154375	0.000000	4.084625e+019	9.282583e-068
223.600000	-0.101855	-5.153355	0.000000	4.042886e+019	9.653834e-068
223.700000	-0.100844	-5.152344	0.000000	4.001257e+019	1.003667e-067
223.800000	-0.099841	-5.151341	0.000000	3.959748e+019	1.043132e-067
223.900000	-0.098847	-5.150347	0.000000	3.918367e+019	1.083805e-067
224.000000	-0.097860	-5.149360	0.000000	3.877123e+019	1.125708e-067
224.100000	-0.096882	-5.148382	0.000000	3.836026e+019	1.168866e-067
224.200000	-0.095912	-5.147412	0.000000	3.795083e+019	1.213305e-067
224.300000	-0.094950	-5.146450	0.000000	3.754302e+019	1.259048e-067
224.400000	-0.093996	-5.145496	0.000000	3.713691e+019	1.306122e-067
224.500000	-0.093049	-5.144549	0.000000	3.673258e+019	1.354551e-067
224.600000	-0.092110	-5.143610	0.000000	3.633009e+019	1.404360e-067
224.700000	-0.091179	-5.142679	0.000000	3.592952e+019	1.455576e-067
224.800000	-0.090255	-5.141755	0.000000	3.553093e+019	1.508223e-067
224.900000	-0.089339	-5.140839	0.000000	3.513439e+019	1.562328e-067
225.000000	-0.088430	-5.139930	0.000000	3.473996e+019	1.617916e-067
225.100000	-0.087528	-5.139028	0.000000	3.434770e+019	1.675014e-067
225.200000	-0.086633	-5.138133	0.000000	3.395766e+019	1.733648e-067
225.300000	-0.085746	-5.137246	0.000000	3.356990e+019	1.793844e-067
225.400000	-0.084865	-5.136365	0.000000	3.318447e+019	1.855629e-067
225.500000	-0.083992	-5.135492	0.000000	3.280143e+019	1.919030e-067
225.600000	-0.083125	-5.134625	0.000000	3.242081e+019	1.984073e-067
225.700000	-0.082265	-5.133765	0.000000	3.204267e+019	2.050786e-067
225.800000	-0.081412	-5.132912	0.000000	3.166705e+019	2.119195e-067
225.900000	-0.080566	-5.132066	0.000000	3.129399e+019	2.189329e-067
226.000000	-0.079726	-5.131226	0.000000	3.092352e+019	2.261214e-067
226.100000	-0.078892	-5.130392	0.000000	3.055569e+019	2.334879e-067
226.200000	-0.078065	-5.129565	0.000000	3.019054e+019	2.410350e-067
226.300000	-0.077244	-5.128744	0.000000	2.982808e+019	2.487657e-067
226.400000	-0.076430	-5.127930	0.000000	2.946837e+019	2.566828e-067
226.500000	-0.075621	-5.127121	0.000000	2.911142e+019	2.647890e-067
226.600000	-0.074819	-5.126319	0.000000	2.875726e+019	2.730872e-067
226.700000	-0.074023	-5.125523	0.000000	2.840592e+019	2.815804e-067
226.800000	-0.073232	-5.124732	0.000000	2.805742e+019	2.902713e-067
226.900000	-0.072448	-5.123948	0.000000	2.771179e+019	2.991629e-067
227.000000	-0.071669	-5.123169	0.000000	2.736905e+019	3.082582e-067
227.100000	-0.070896	-5.122396	0.000000	2.702921e+019	3.175601e-067
227.200000	-0.070129	-5.121629	0.000000	2.669229e+019	3.270715e-067
227.300000	-0.069367	-5.120867	0.000000	2.635831e+019	3.367955e-067
227.400000	-0.068611	-5.120111	0.000000	2.602729e+019	3.467350e-067
227.500000	-0.067860	-5.119360	0.000000	2.569924e+019	3.568931e-067
227.600000	-0.067115	-5.118615	0.000000	2.537416e+019	3.672728e-067
227.700000	-0.066375	-5.117875	0.000000	2.505207e+019	3.778773e-067
227.800000	-0.065640	-5.117140	0.000000	2.473298e+019	3.887096e-067
227.900000	-0.064910	-5.116410	0.000000	2.441690e+019	3.997729e-067
228.000000	-0.064186	-5.115686	0.000000	2.410383e+019	4.110703e-067
228.100000	-0.063466	-5.114966	0.000000	2.379377e+019	4.226050e-067
228.200000	-0.062752	-5.114252	0.000000	2.348674e+019	4.343802e-067
228.300000	-0.062042	-5.113542	0.000000	2.318273e+019	4.463992e-067
228.400000	-0.061337	-5.112837	0.000000	2.288175e+019	4.586651e-067
228.500000	-0.060637	-5.112137	0.000000	2.258379e+019	4.711813e-067
228.600000	-0.059942	-5.111442	0.000000	2.228887e+019	4.839511e-067
228.700000	-0.059251	-5.110751	0.000000	2.199696e+019	4.969779e-067
228.800000	-0.058565	-5.110065	0.000000	2.170808e+019	5.102650e-067
228.900000	-0.057884	-5.109384	0.000000	2.142221e+019	5.238158e-067
229.000000	-0.057207	-5.108707	0.000000	2.113936e+019	5.376339e-067
229.100000	-0.056534	-5.108034	0.000000	2.085952e+019	5.517226e-067
229.200000	-0.055866	-5.107366	0.000000	2.058268e+019	5.660855e-067
229.300000	-0.055202	-5.106702	0.000000	2.030884e+019	5.807261e-067
229.400000	-0.054543	-5.106043	0.000000	2.003798e+019	5.956480e-067
229.500000	-0.053887	-5.105387	0.000000	1.977011e+019	6.108549e-067
229.600000	-0.053236	-5.104736	0.000000	1.950520e+019	6.263504e-067
229.700000	-0.052589	-5.104089	0.000000	1.924325e+019	6.421381e-067
229.800000	-0.051946	-5.103446	0.000000	1.898425e+019	6.582219e-067
229.900000	-0.051306	-5.102806	0.000000	1.872818e+019	6.746055e-067
230.000000	-0.050671	-5.102171	0.000000	1.847504e+019	6.912927e-067
230.100000	-0.050040	-5.101540	0.000000	1.822481e+019	7.082874e-067
230.200000	-0.049412	-5.100912	0.000000	1.797748e+019	7.255935e-067
230.300000	-0.048788	-5.100288	0.000000	1.773303e+019	7.432149e-067
230.400000	-0.048168	-5.099668	0.000000	1.749145e+019	7.611557e-067
230.500000	-0.047551	-5.099051	0.000000	1.725273e+019	7.794199e-067
230.600000	-0.046938	-5.098438	0.000000	1.701684e+019	7.980115e-067
230.700000	-0.046329	-5.097829	0.000000	1.678377e+019	8.169348e-067
230.800000	-0.045723	-5.097223	0.000000	1.655351e+019	8.361938e-067
230.900000	-0.045121	-5.096621	0.000000	1.632604e+019	8.557929e-067
231.000000	-0.044522	-5.096022	0.000000	1.610133e+019	8.757364e-067
231.100000	-0.043926	-5.095426	0.000000	1.587938e+019	8.960285e-067
231.200000	-0.043334	-5.094834	0.000000	1.566016e+019	9.166736e-067
231.300000	-0.042745	-5.094245	0.000000	1.544366e+019	9.376763e-067
231.400000	-0.042159	-5.093659	0.000000	1.522985e+019	9.590411e-067
231.500000	-0.041577	-5.093077	0.000000	1.501872e+019	9.807724e-067
231.600000	-0.040997	-5.092497	0.000000	1.481025e+019	1.002875e-066
231.700000	-0.040421	-5.091921	0.000000	1.460441e+019	1.025353e-066
231.800000	-0.039848	-5.091348	0.000000	1.440118e+019	1.048213e-066
231.900000	-0.039277	-5.090777	0.000000	1.420056e+019	1.071457e-066
232.000000	-0.038710	-5.090210	0.000000	1.400251e+019	1.095092e-066
232.100000	-0.038146	-5.089646	0.000000	1.380701e+019	1.119122e-066
232.200000	-0.037584	-5.089084	0.000000	1.361404e+019	1.143553e-066
232.300000	-0.037026	-5.088526	0.000000	1.342358e+019	1.168389e-066
232.400000	-0.036470	-5.087970	0.000000	1.323561e+019	1.193635e-066
232.500000	-0.035917	-5.087417	0.000000	1.305011e+019	1.219297e-066
232.600000	-0.035367	-5.086867	0.000000	1.286706e+019	1.245380e-066
232.700000	-0.034819	-5.086319	0.000000	1.268642e+019	1.271889e-066
232.800000	-0.034274	-5.085774	0.000000	1.250819e+019	1.298830e-066
232.900000	-0.033732	-5.085232	0.000000	1.233233e+019	1.326208e-066
233.000000	-0.033192	-5.084692	0.000000	1.215883e+019	1.354029e-066
233.100000	-0.032655	-5.084155	0.000000	1.198767e+019	1.382298e-066
233.200000	-0.032120	-5.083620	0.000000	1.181881e+019	1.411021e-066
233.300000	-0.031588	-5.083088	0.000000	1.165224e+019	1.440204e-066
233.400000	-0.031058	-5.082558	0.000000	1.148793e+019	1.469853e-066
233.500000	-0.030530	-5.082030	0.000000	1.132586e+019	1.499974e-066
233.600000	-0.030005	-5.081505	0.000000	1.116602e+019	1.530572e-066
233.700000	-0.029483	-5.080983	0.000000	1.100837e+019	1.561654e-066
233.800000	-0.028962	-5.080462	0.000000	1.085289e+019	1.593227e-066
233.900000	-0.028444	-5.079944	0.000000	1.069956e+019	1.625295e-066
234.000000	-0.027928	-5.079428	0.000000	1.054835e+019	1.657867e-066
234.100000	-0.027414	-5.078914	0.000000	1.039925e+019	1.690947e-066
234.200000	-0.026903	-5.078403	0.000000	1.025223e+019	1.724544e-066
234.300000	-0.026394	-5.077894	0.000000	1.010727e+019	1.758663e-066
234.400000	-0.025886	-5.077386	0.000000	9.964336e+018	1.793311e-066
234.500000	-0.025381	-5.076881	0.000000	9.823419e+018	1.828495e-066
234.600000	-0.024878	-5.076378	0.000000	9.684489e+018	1.864222e-066
234.700000	-0.024377	-5.075877	0.000000	9.547526e+018	1.900499e-066
234.800000	-0.023878	-5.075378	0.000000	9.412505e+018	1.937333e-066
234.900000	-0.023381	-5.074881	0.000000	9.279405e+018	1.974732e-066
235.000000	-0.022886	-5.074386	0.000000	9.148203e+018	2.012702e-066
235.100000	-0.022392	-5.073892	0.000000	9.018876e+018	2.051251e-066
235.200000	-0.021901	-5.073401	0.000000	8.891402e+018	2.090387e-066
235.300000	-0.021411	-5.072911	0.000000	8.765758e+018	2.130117e-066
235.400000	-0.020924	-5.072424	0.000000	8.641923e+018	2.170450e-066
235.500000	-0.020438	-5.071938	0.000000	8.519874e+018	2.211392e-066
235.600000	-0.019954	-5.071454	0.000000	8.399589e+018	2.252952e-066
235.700000	-0.019471	-5.070971	0.000000	8.281047e+018	2.295138e-066
235.800000	-0.018991	-5.070491	0.000000	8.164225e+018	2.337958e-066
235.900000	-0.018512	-5.070012	0.000000	8.049101e+018	2.381420e-066
236.000000	-0.018035	-5.069535	0.000000	7.935656e+018	2.425534e-066
236.100000	-0.017559	-5.069059	0.000000	7.823866e+018	2.470306e-066
236.200000	-0.017085	-5.068585	0.000000	7.713711e+018	2.515747e-066
236.300000	-0.016613	-5.068113	0.000000	7.605169e+018	2.561865e-066
236.400000	-0.016142	-5.067642	0.000000	7.498220e+018	2.608669e-066
236.500000	-0.015673	-5.067173	0.000000	7.392843e+018	2.656167e-066
236.600000	-0.015205	-5.066705	0.000000	7.289017e+018	2.704369e-066
236.700000	-0.014739	-5.066239	0.000000	7.186721e+018	2.753285e-066
236.800000	-0.014275	-5.065775	0.000000	7.085936e+018	2.802923e-066
236.900000	-0.013812	-5.065312	0.000000	6.986641e+018	2.853294e-066
237.000000	-0.013350	-5.064850	0.000000	6.888815e+018	2.904406e-066
237.100000	-0.012890	-5.064390	0.000000	6.792440e+018	2.956270e-066
237.200000	-0.012431	-5.063931	0.000000	6.697495e+018	3.008896e-066
237.300000	-0.011974	-5.063474	0.000000	6.603961e+018	3.062294e-066
237.400000	-0.011518	-5.063018	0.000000	6.511818e+018	3.116474e-066
237.500000	-0.011063	-5.062563	0.000000	6.421047e+018	3.171446e-066
237.600000	-0.010610	-5.062110	0.000000	6.331629e+018	3.227221e-066
237.700000	-0.010158	-5.061658	0.000000	6.243546e+018	3.283809e-066
237.800000	-0.009707	-5.061207	0.000000	6.156778e+018	3.341223e-066
237.900000	-0.009258	-5.060758	0.000000	6.071307e+018	3.399471e-066
238.000000	-0.008810	-5.060310	0.000000	5.987115e+018	3.458566e-066
238.100000	-0.008363	-5.059863	0.000000	5.904183e+018	3.518519e-066
238.200000	-0.007917	-5.059417	0.000000	5.822494e+018	3.579341e-066
238.300000	-0.007473	-5.058973	0.000000	5.742029e+018	3.641043e-066
238.400000	-0.007030	-5.058530	0.000000	5.662772e+018	3.703639e-066
238.500000	-0.006588	-5.058088	0.000000	5.584704e+018	3.767138e-066
238.600000	-0.006147	-5.057647	0.000000	5.507809e+018	3.831555e-066
238.700000	-0.005707	-5.057207	0.000000	5.432068e+018	3.896900e-066
238.800000	-0.005269	-5.056769	0.000000	5.357467e+018	3.963186e-066
238.900000	-0.004831	-5.056331	0.000000	5.283987e+018	4.030426e-066
239.000000	-0.004395	-5.055895	0.000000	5.211612e+018	4.098633e-066
239.100000	-0.003960	-5.055460	0.000000	5.140327e+018	4.167819e-066
239.200000	-0.003526	-5.055026	0.000000	5.070113e+018	4.237998e-066
239.300000	-0.003093	-5.054593	0.000000	5.000957e+018	4.309182e-066
239.400000	-0.002660	-5.054160	0.000000	4.932842e+018	4.381386e-066
239.500000	-0.002229	-5.053729	0.000000	4.865752e+018	4.454624e-066
239.600000	-0.001799	-5.053299	0.000000	4.799672e+018	4.528907e-066
239.700000	-0.001370	-5.052870	0.000000	4.734587e+018	4.604252e-066
239.800000	-0.000942	-5.052442	0.000000	4.670481e+018	4.680672e-066
239.900000	-0.000515	-5.052015	0.000000	4.607341e+018	4.758182e-066
240.000000	-0.000089	-5.051589	0.000000	4.545150e+018	4.836796e-066
245.000000	0.020001	-5.031499	0.000000	2.382300e+018	1.047473e-065
250.000000	0.038846	-5.012654	0.000000	1.310997e+018	2.162300e-065
255.000000	0.057005	-4.994495	0.000000	7.376861e+017	4.347465e-065
260.000000	0.074778	-4.976722	0.000000	4.136207e+017	8.612151e-065
265.000000	0.092335	-4.959165	0.000000	2.280217e+017	1.691896e-064
270.000000	0.109772	-4.941728	0.000000	1.232509e+017	3.308596e-064
275.000000	0.127145	-4.924355	0.000000	6.550117e+016	6.454119e-064
280.000000	0.144484	-4.907016	0.000000	3.438000e+016	1.257355e-063
285.000000	0.161805	-4.889695	0.000000	1.789707e+016	2.447815e-063
290.000000	0.179116	-4.872384	0.000000	9.269249e+015	4.763684e-063
295.000000	0.196423	-4.855077	0.000000	4.786212e+015	9.268859e-063
300.000000	0.213727	-4.837773	0.000000	2.466979e+015	1.803299e-062
305.000000	0.231030	-4.820470	0.000000	1.270215e+015	3.508227e-062
310.000000	0.248332	-4.803168	0.000000	6.535943e+014	6.824905e-062
315.000000	0.265634	-4.785866	0.000000	3.361755e+014	1.327699e-061
320.000000	0.282935	-4.768565	0.000000	1.728692e+014	2.582855e-061
325.000000	0.300237	-4.751263	0.000000	8.888023e+013	5.024567e-061
330.000000	0.317538	-4.733962	0.000000	4.569358e+013	9.774546e-061
335.000000	0.334840	-4.716660	0.000000	2.349004e+013	1.901490e-060
340.000000	0.352141	-4.699359	0.000000	1.207536e+013	3.699061e-060
345.000000	0.369443	-4.682057	0.000000	6.207406e+012	7.195959e-060
350.000000	0.386744	-4.664756	0.000000	3.190925e+012	1.399864e-059
355.000000	0.404046	-4.647454	0.000000	1.640292e+012	2.723222e-059
360.000000	0.421347	-4.630153	0.000000	8.431890e+011	5.297612e-059
365.000000	0.438649	-4.612851	0.000000	4.334391e+011	1.030569e-058
370.000000	0.455950	-4.595550	0.000000	2.228081e+011	2.004815e-058
375.000000	0.473252	-4.578248	0.000000	1.145338e+011	3.900061e-058
380.000000	0.490553	-4.560947	0.000000	5.887573e+010	7.586973e-058
385.000000	0.507854	-4.543646	0.000000	3.026488e+010	1.475930e-057
390.000000	0.525156	-4.526344	0.000000	1.555756e+010	2.871196e-057
395.000000	0.542457	-4.509043	0.000000	7.997314e+009	5.585472e-057
400.000000	0.559759	-4.491741	0.000000	4.110993e+009	1.086568e-056
405.000000	0.577060	-4.474440	0.000000	2.113242e+009	2.113752e-056
410.000000	0.594362	-4.457138	0.000000	1.086305e+009	4.111982e-056
415.000000	0.611663	-4.439837	0.000000	5.584114e+008	7.999233e-056
420.000000	0.628965	-4.422535	0.000000	2.870496e+008	1.556128e-055
425.000000	0.646266	-4.405234	0.000000	1.475570e+008	3.027210e-055
430.000000	0.663567	-4.387933	0.000000	7.585117e+007	5.888974e-055
435.000000	0.680869	-4.370631	0.000000	3.899104e+007	1.145610e-054
440.000000	0.698170	-4.353330	0.000000	2.004316e+007	2.228609e-054
445.000000	0.715472	-4.336028	0.000000	1.030302e+007	4.335418e-054
450.000000	0.732773	-4.318727	0.000000	5.296261e+006	8.433893e-054
455.000000	0.750075	-4.301425	0.000000	2.722745e+006	1.640685e-053
460.000000	0.767376	-4.284124	0.000000	1.399827e+006	3.191702e-053
465.000000	0.784678	-4.266822	0.000000	7.195561e+005	6.208968e-053
470.000000	0.801979	-4.249521	0.000000	3.696626e+005	1.207860e-052
475.000000	0.819281	-4.232219	0.000000	1.898183e+005	2.349707e-052
480.000000	0.836582	-4.214918	0.000000	9.755771e+004	4.570995e-052
485.000000	0.853883	-4.197617	0.000000	5.031045e+004	8.892172e-052
490.000000	0.871185	-4.180315	0.000000	2.607546e+004	1.729836e-051
495.000000	0.888486	-4.163014	0.000000	1.355275e+004	3.365132e-051
500.000000	0.905788	-4.145712	0.000000	7.010355e+003	6.546349e-051
505.000000	0.923089	-4.128411	0.000000	3.566742e+003	1.273492e-050
510.000000	0.940391	-4.111109	0.000000	1.762302e+003	2.477384e-050
515.000000	0.957692	-4.093808	0.000000	8.363190e+002	4.819373e-050
520.000000	0.974994	-4.076506	0.000000	3.781348e+002	9.375353e-050
525.000000	0.992295	-4.059205	0.000000	1.620690e+002	1.823832e-049
530.000000	1.009597	-4.041903	0.000000	6.566973e+001	3.547985e-049
535.000000	1.026898	-4.024602	0.000000	2.513118e+001	6.902063e-049
540.000000	1.044199	-4.007301	0.000000	9.084410e+000	1.342691e-048
545.000000	1.061501	-3.989999	0.000000	3.104338e+000	2.612000e-048
550.000000	1.078802	-3.972698	0.000000	1.004051e+000	5.081246e-048
555.000000	1.096104	-3.955396	0.000000	3.078048e-001	9.884788e-048
560.000000	1.113405	-3.938095	0.000000	8.957511e-002	1.922934e-047
565.000000	1.130707	-3.920793	0.000000	2.478338e-002	3.740775e-047
570.000000	1.148008	-3.903492	0.000000	6.529124e-003	7.277106e-047
575.000000	1.165310	-3.886190	0.000000	1.640250e-003	1.415650e-046
580.000000	1.182611	-3.868889	0.000000	3.934953e-004	2.753930e-046
585.000000	1.199912	-3.851588	0.000000	9.026686e-005	5.357350e-046
590.000000	1.217214	-3.834286	0.000000	1.982585e-005	1.042191e-045
595.000000	1.234515	-3.816985	0.000000	4.174229e-006	2.027422e-045
600.000000	1.251817	-3.799683	0.000000	8.434502e-007	3.944040e-045
605.000000	1.269118	-3.782382	0.000000	1.637392e-007	7.672528e-045
610.000000	1.286420	-3.765080	0.000000	3.057045e-008	1.492573e-044
615.000000	1.303721	-3.747779	0.000000	5.494509e-009	2.903572e-044
620.000000	1.321023	-3.730477	0.000000	9.515554e-010	5.648456e-044
625.000000	1.338324	-3.713176	0.000000	1.589267e-010	1.098821e-043
630.000000	1.355626	-3.695874	0.000000	2.561988e-011	2.137588e-043
635.000000	1.372927	-3.678573	0.000000	3.989494e-012	4.158351e-043
640.000000	1.390228	-3.661272	0.000000	6.005435e-013	8.089435e-043
645.000000	1.407530	-3.643970	0.000000	8.745157e-014	1.573676e-042
650.000000	1.424831	-3.626669	0.000000	1.232774e-014	3.061346e-042
655.000000	1.442133	-3.609367	0.000000	1.683350e-015	5.955381e-042
660.000000	1.459434	-3.592066	0.000000	2.227978e-016	1.158528e-041
665.000000	1.476736	-3.574764	0.000000	2.859905e-017	2.253740e-041
670.000000	1.494037	-3.557463	0.000000	3.562411e-018	4.384306e-041
675.000000	1.511339	-3.540161	0.000000	4.308496e-019	8.528997e-041
680.000000	1.528640	-3.522860	0.000000	5.062028e-020	1.659186e-040
685.000000	1.545942	-3.505558	0.000000	5.780421e-021	3.227693e-040
690.000000	1.563243	-3.488257	0.000000	6.418612e-022	6.278983e-040
695.000000	1.580544	-3.470956	0.000000	6.933810e-023	1.221480e-039
700.000000	1.597846	-3.453654	0.000000	7.290329e-024	2.376203e-039
705.000000	1.615147	-3.436353	0.000000	7.463709e-025	4.622539e-039
710.000000	1.632449	-3.419051	0.000000	7.443482e-026	8.992444e-039
715.000000	1.649750	-3.401750	0.000000	7.234134e-027	1.749342e-038
720.000000	1.667052	-3.384448	0.000000	6.854175e-028	3.403078e-038
725.000000	1.684353	-3.367147	0.000000	6.333527e-029	6.620169e-038
730.000000	1.701655	-3.349845	0.000000	5.709736e-030	1.287853e-037
735.000000	1.718956	-3.332544	0.000000	5.023654e-031	2.505320e-037
740.000000	1.736257	-3.315243	0.000000	4.315239e-032	4.873718e-037
745.000000	1.753559	-3.297941	0.000000	3.620056e-033	9.481073e-037
750.000000	1.770860	-3.280640	0.000000	2.966816e-034	1.844398e-036
755.000000	1.788162	-3.263338	0.000000	2.376107e-035	3.587994e-036
760.000000	1.805463	-3.246037	0.000000	1.860255e-036	6.979894e-036
765.000000	1.822765	-3.228735	0.000000	1.424093e-037	1.357832e-035
770.000000	1.840066	-3.211434	0.000000	1.066318e-038	2.641454e-035
775.000000	1.857368	-3.194132	0.000000	7.811575e-040	5.138545e-035
780.000000	1.874669	-3.176831	0.000000	5.600298e-041	9.996253e-035
785.000000	1.891971	-3.159529	0.000000	3.930234e-042	1.944618e-034
790.000000	1.909272	-3.142228	0.000000	2.700669e-043	3.782958e-034
795.000000	1.926573	-3.124927	0.000000	1.817516e-044	7.359166e-034
800.000000	1.943875	-3.107625	0.000000	1.198242e-045	1.431613e-033
805.000000	1.961176	-3.090324	0.000000	7.740563e-047	2.784985e-033
810.000000	1.978478	-3.073022	0.000000	4.900754e-048	5.417762e-033
815.000000	1.995779	-3.055721	0.000000	3.041677e-049	1.053943e-032
820.000000	2.013081	-3.038419	0.000000	1.851052e-050	2.050284e-032
825.000000	2.030382	-3.021118	0.000000	1.104771e-051	3.988515e-032
830.000000	2.047684	-3.003816	0.000000	6.467928e-053	7.759046e-032
835.000000	2.064985	-2.986515	0.000000	3.715233e-054	1.509404e-031
840.000000	2.082286	-2.969214	0.000000	2.094217e-055	2.936314e-031
845.000000	2.099588	-2.951912	0.000000	1.158662e-056	5.712151e-031
850.000000	2.116889	-2.934611	0.000000	6.293239e-058	1.111212e-030
855.000000	2.134191	-2.917309	0.000000	3.356257e-059	2.161692e-030
860.000000	2.151492	-2.900008	0.000000	1.757839e-060	4.205242e-030
865.000000	2.168794	-2.882706	0.000000	9.043224e-062	8.180656e-030
870.000000	2.186095	-2.865405	0.000000	4.570502e-063	1.591421e-029
875.000000	2.203397	-2.848103	0.000000	2.269736e-064	3.095867e-029
880.000000	2.220698	-2.830802	0.000000	1.107722e-065	6.022536e-029
885.000000	2.238000	-2.813500	0.000000	5.313747e-067	1.171592e-028
890.000000	2.255301	-2.796199	0.000000	2.505856e-068	2.279154e-028
895.000000	2.272602	-2.778898	0.000000	1.161890e-069	4.433745e-028
900.000000	2.289904	-2.761596	0.000000	5.297784e-071	8.625174e-028
905.000000	2.307205	-2.744295	0.000000	2.375802e-072	1.677896e-027
910.000000	2.324507	-2.726993	0.000000	1.048040e-073	3.264090e-027
915.000000	2.341808	-2.709692	0.000000	4.548410e-075	6.349788e-027
920.000000	2.359110	-2.692390	0.000000	1.942309e-076	1.235254e-026
925.000000	2.376411	-2.675089	0.000000	8.162340e-078	2.402998e-026
930.000000	2.393713	-2.657787	0.000000	3.376058e-079	4.674665e-026
935.000000	2.411014	-2.640486	0.000000	1.374554e-080	9.093847e-026
940.000000	2.428316	-2.623184	0.000000	5.509673e-082	1.769069e-025
945.000000	2.445617	-2.605883	0.000000	2.174519e-083	3.441453e-025
950.000000	2.462918	-2.588582	0.000000	8.451309e-085	6.694821e-025
955.000000	2.480220	-2.571280	0.000000	3.234953e-086	1.302375e-024
960.000000	2.497521	-2.553979	0.000000	1.219693e-087	2.533572e-024
965.000000	2.514823	-2.536677	0.000000	4.530184e-089	4.928676e-024
970.000000	2.532124	-2.519376	0.000000	1.657786e-090	9.587986e-024
975.000000	2.549426	-2.502074	0.000000	5.977608e-092	1.865196e-023
980.000000	2.566727	-2.484773	0.000000	2.124185e-093	3.628454e-023
985.000000	2.584029	-2.467471	0.000000	7.438423e-095	7.058602e-023
990.000000	2.601330	-2.450170	0.000000	2.568071e-096	1.373143e-022
995.000000	2.618631	-2.432869	0.000000	8.738827e-098	2.671240e-022
1000.000000	2.635933	-2.415567	0.000000	2.931911e-099	5.196489e-022
1005.000000	2.653234	-2.398266	0.000000	9.697446e-101	1.010898e-021
1010.000000	2.670536	-2.380964	0.000000	3.165537e-102	1.966547e-021
1015.000000	2.687837	-2.363663	0.000000	1.017778e-103	3.825616e-021
1020.000000	2.705139	-2.346361	0.000000	3.227876e-105	7.442151e-021
1025.000000	2.722440	-2.329060	0.000000	1.011815e-106	1.447757e-020
1030.000000	2.739742	-2.311758	0.000000	3.120872e-108	2.816389e-020
1035.000000	2.757043	-2.294457	0.000000	9.510204e-110	5.478855e-020
1040.000000	2.774345	-2.277155	0.000000	2.853408e-111	1.065827e-019
1045.000000	2.791646	-2.259854	0.000000	8.448017e-113	2.073404e-019
1050.000000	2.808947	-2.242553	0.000000	2.490149e-114	4.033491e-019
1055.000000	2.826249	-2.225251	0.000000	7.153203e-116	7.846541e-019
1060.000000	2.843550	-2.207950	0.000000	2.041478e-117	1.526425e-018
1065.000000	2.860852	-2.190648	0.000000	5.751733e-119	2.969426e-018
1070.000000	2.878153	-2.173347	0.000000	1.645133e-120	5.776564e-018
1075.000000	2.895455	-2.156045	0.000000	4.524407e-122	1.123742e-017
1080.000000	2.912756	-2.138744	0.000000	1.192510e-123	2.186069e-017
1085.000000	2.930058	-2.121442	0.000000	3.243340e-125	4.252662e-017
1090.000000	2.947359	-2.104141	0.000000	9.988182e-127	8.272904e-017
1095.000000	2.964661	-2.086839	0.000000	2.217459e-128	1.609367e-016
1100.000000	2.981962	-2.069538	0.000000	5.872687e-130	3.130778e-016
1105.000000	2.999263	-2.052237	0.000000	1.575195e-131	6.090449e-016
1110.000000	3.016565	-2.034935	0.000000	3.381856e-133	1.184804e-015
1115.000000	3.033866	-2.017634	0.000000	1.206068e-134	2.304855e-015
1120.000000	3.051168	-2.000332	0.000000	3.744101e-136	4.483742e-015
1125.000000	3.068469	-1.983031	0.000000	7.125003e-138	8.722435e-015
1130.000000	3.085771	-1.965729	0.000000	1.341792e-139	1.696816e-014
1135.000000	3.103072	-1.948428	0.000000	2.750324e-141	3.300897e-014
1140.000000	3.120374	-1.931126	0.000000	1.373027e-142	6.421391e-014
1145.000000	3.137675	-1.913825	0.000000	2.032102e-144	1.249183e-013
1150.000000	3.154976	-1.896524	0.000000	2.475032e-145	2.430095e-013
1155.000000	3.172278	-1.879222	0.000000	1.157633e-147	4.727379e-013
1160.000000	3.189579	-1.861921	0.000000	1.894428e-148	9.196393e-013
1165.000000	3.206881	-1.844619	0.000000	4.248258e-151	1.789018e-012
1170.000000	3.224182	-1.827318	0.000000	4.908836e-151	3.480260e-012
1175.000000	3.241484	-1.810016	0.000000	3.131516e-152	6.770315e-012
1180.000000	3.258785	-1.792715	0.000000	8.079365e-156	1.317061e-011
1185.000000	3.276087	-1.775413	0.000000	1.639962e-155	2.562141e-011
1190.000000	3.293388	-1.758112	0.000000	6.639764e-158	4.984254e-011
1195.000000	3.310690	-1.740810	0.000000	6.713092e-159	9.696104e-011
1200.000000	3.327991	-1.723509	0.000000	5.869161e-160	1.886229e-010
1205.000000	3.345292	-1.706208	0.000000	9.845374e-163	3.669370e-010
1210.000000	3.362594	-1.688906	0.000000	7.050311e-163	7.138198e-010
1215.000000	3.379895	-1.671605	0.000000	1.697762e-164	1.388627e-009
1220.000000	3.397197	-1.654303	0.000000	5.003572e-167	2.701362e-009
1225.000000	3.414498	-1.637002	0.000000	8.185666e-168	5.255087e-009
1230.000000	3.431800	-1.619700	0.000000	1.616913e-170	1.022297e-008
1235.000000	3.449101	-1.602399	0.000000	2.591806e-170	1.988722e-008
1240.000000	3.466403	-1.585097	0.000000	6.147302e-173	3.868755e-008
1245.000000	3.483704	-1.567796	0.000000	1.971457e-174	7.526072e-008
1250.000000	3.501006	-1.550494	0.000000	4.822005e-177	1.464082e-007
1255.000000	3.518307	-1.533193	0.000000	1.011840e-176	2.848148e-007
1260.000000	3.535608	-1.515892	0.000000	3.317631e-181	5.540637e-007
1265.000000	3.552910	-1.498590	0.000000	2.932128e-181	1.077846e-006
1270.000000	3.570211	-1.481289	0.000000	6.794537e-182	2.096785e-006
1275.000000	3.587513	-1.463987	0.000000	6.581405e-184	4.078975e-006
1280.000000	3.604814	-1.446686	0.000000	3.217887e-185	7.935022e-006
1285.000000	3.622116	-1.429384	0.000000	7.000890e-187	1.543637e-005
1290.000000	3.639417	-1.412083	0.000000	8.842138e-188	3.002910e-005
1295.000000	3.656719	-1.394781	0.000000	6.215314e-190	5.841703e-005
1300.000000	3.674020	-1.377480	0.000000	3.233509e-191	1.136414e-004
1305.000000	3.691321	-1.360179	0.000000	5.852572e-193	2.210720e-004
1310.000000	3.708623	-1.342877	0.000000	2.395491e-194	4.300617e-004
1315.000000	3.725924	-1.325576	0.000000	7.518287e-197	8.366193e-004
1320.000000	3.743226	-1.308274	0.000000	9.500553e-197	1.627515e-003
1325.000000	3.760527	-1.290973	0.000000	2.534660e-199	3.166082e-003
1330.000000	3.777829	-1.273671	0.000000	4.639182e-200	6.159128e-003
1335.000000	3.795130	-1.256370	0.000000	4.736000e-202	1.198164e-002
1340.000000	3.812432	-1.239068	0.000000	2.602779e-204	2.330845e-002
1345.000000	3.829733	-1.221767	0.000000	2.680980e-206	4.534303e-002
1350.000000	3.847035	-1.204465	0.000000	2.559745e-206	8.820793e-002
1355.000000	3.864336	-1.187164	0.000000	2.453193e-208	1.715951e-001
1360.000000	3.881637	-1.169863	0.000000	1.197701e-206	3.338119e-001
1365.000000	3.898939	-1.152561	0.000000	8.400008e-209	6.493801e-001
1370.000000	3.916240	-1.135260	0.000000	5.279921e-211	1.263270e+000
1375.000000	3.933542	-1.117958	0.000000	3.089852e-212	2.457498e+000
1380.000000	3.950843	-1.100657	0.000000	3.434095e-212	4.780687e+000
1385.000000	3.968145	-1.083355	0.000000	1.173230e-215	9.300096e+000
1390.000000	3.985446	-1.066054	0.000000	5.668015e-215	1.809191e+001
1395.000000	4.002748	-1.048752	0.000000	5.865852e-218	3.519505e+001
1400.000000	4.020049	-1.031451	0.000000	2.382550e-217	6.846660e+001
1405.000000	4.037350	-1.014150	0.000000	1.289226e-217	1.331913e+002
1410.000000	4.054652	-0.996848	0.000000	9.249282e-220	2.591033e+002
1415.000000	4.071953	-0.979547	0.000000	4.796773e-224	5.040459e+002
1420.000000	4.089255	-0.962245	0.000000	1.490485e-221	9.805442e+002
1425.000000	4.106556	-0.944944	0.000000	1.577208e-223	1.907499e+003
1430.000000	4.123858	-0.927642	0.000000	1.026429e-227	3.710747e+003
1435.000000	4.141159	-0.910341	0.000000	6.906324e-228	7.218692e+003
1440.000000	4.158461	-0.893039	0.000000	1.070445e-228	1.404286e+004
1445.000000	4.175762	-0.875738	0.000000	3.856221e-229	2.731824e+004
1450.000000	4.193064	-0.858436	0.000000	1.551262e-230	5.314346e+004
1455.000000	4.210365	-0.841135	0.000000	9.939664e-232	1.033825e+005
1460.000000	4.227666	-0.823834	0.000000	5.990886e-233	2.011148e+005
1465.000000	4.244968	-0.806532	0.000000	1.954974e-234	3.912381e+005
1470.000000	4.262269	-0.789231	0.000000	9.179911e-237	7.610939e+005
1475.000000	4.279571	-0.771929	0.000000	7.968010e-239	1.480592e+006
1480.000000	4.296872	-0.754628	0.000000	3.736450e-238	2.880265e+006
1485.000000	4.314174	-0.737326	0.000000	9.822814e-241	5.603116e+006
1490.000000	4.331475	-0.720025	0.000000	6.939659e-241	1.090000e+007
1495.000000	4.348777	-0.702723	0.000000	8.596118e-241	2.120429e+007
1500.000000	4.366078	-0.685422	0.000000	1.561487e-242	4.124971e+007
1505.000000	4.383380	-0.668120	0.000000	1.264565e-247	8.024501e+007
1510.000000	4.400681	-0.650819	0.000000	1.968438e-247	1.561044e+008
1515.000000	4.417982	-0.633518	0.000000	3.711056e-248	3.036772e+008
1520.000000	4.435284	-0.616216	0.000000	5.056783e-249	5.907576e+008
1525.000000	4.452585	-0.598915	0.000000	7.184126e-251	1.149229e+009
1530.000000	4.469887	-0.581613	0.000000	2.178376e-251	2.235649e+009
1535.000000	4.487188	-0.564312	0.000000	2.708112e-254	4.349113e+009
1540.000000	4.504490	-0.547010	0.000000	1.420219e-254	8.460534e+009
1545.000000	4.521791	-0.529709	0.000000	4.271644e-260	1.645868e+010
1550.000000	4.539093	-0.512407	0.000000	2.788555e-256	3.201784e+010
1555.000000	4.556394	-0.495106	0.000000	1.001813e-258	6.228581e+010
1560.000000	4.573695	-0.477805	0.000000	2.940558e-259	1.211675e+011
1565.000000	4.590997	-0.460503	0.000000	2.132426e-260	2.357129e+011
1570.000000	4.608298	-0.443202	0.000000	6.311608e-261	4.585434e+011
1575.000000	4.625600	-0.425900	0.000000	9.494403e-266	8.920261e+011
1580.000000	4.642901	-0.408599	0.000000	5.599745e-266	1.735300e+012
1585.000000	4.660203	-0.391297	0.000000	7.281758e-268	3.375762e+012
1590.000000	4.677504	-0.373996	0.000000	3.012333e-268	6.567030e+012
1595.000000	4.694806	-0.356694	0.000000	1.538922e-269	1.277516e+013
1600.000000	4.712107	-0.339393	0.000000	2.048273e-271	2.485213e+013
1605.000000	4.729409	-0.322091	0.000000	5.717558e-271	4.834606e+013
1610.000000	4.746710	-0.304790	0.000000	2.388222e-275	9.405006e+013
1615.000000	4.764012	-0.287488	0.000000	6.922901e-274	1.829607e+014
1620.000000	4.781313	-0.270187	0.000000	1.144094e-273	3.559248e+014
1625.000000	4.798615	-0.252885	0.000000	5.923243e-277	6.924076e+014
1630.000000	4.815917	-0.235583	0.000000	3.254681e-279	1.347012e+015
1635.000000	4.833220	-0.218280	0.000000	1.717991e-279	2.620551e+015
1640.000000	4.850525	-0.200975	0.000000	6.716626e-280	5.098435e+015
1645.000000	4.867831	-0.183669	0.000000	3.224896e-282	9.920320e+015
1650.000000	4.885144	-0.166356	0.000000	1.966782e-283	1.930639e+016
1655.000000	4.902466	-0.149034	0.000000	6.719509e-285	3.758766e+016
1660.000000	4.919808	-0.131692	0.000000	2.351124e-286	7.323487e+016
1665.000000	4.937188	-0.114312	0.000000	2.050581e-290	1.428994e+017
1670.000000	4.954643	-0.096857	0.000000	1.389251e-290	2.796351e+017
1675.000000	4.972244	-0.079256	0.000000	1.475843e-292	5.502959e+017
1680.000000	4.990133	-0.061367	0.000000	7.255659e-291	1.094988e+018
1685.000000	5.008595	-0.042905	0.000000	5.681734e-294	2.227361e+018
1690.000000	5.028222	-0.023278	0.000000	6.651038e-294	4.738432e+018
1695.000000	5.050328	-0.001172	0.000000	9.640891e-294	1.108877e+019
1700.000000	5.078235	0.026735	0.000000	4.156385e-295	3.243590e+019
1705.000000	5.123109	0.071609	0.000000	8.607819e-297	1.822194e+020
1710.000000	5.781249	-0.049951	0.000000	4.465734e-298	1.698584e+018
1720.000000	5.721767	-0.109433	0.000000	2.019875e-300	1.723978e+017
1730.000000	5.662650	-0.168550	0.000000	1.065531e-303	1.774462e+016
1740.000000	5.603571	-0.227629	0.000000	5.507442e-308	1.829063e+015
1750.000000	5.544496	-0.286704	0.000000	1.721747e-310	1.885625e+014
1760.000000	5.485421	-0.345779	0.000000	2.433230e-311	1.943966e+013
1770.000000	5.426346	-0.404854	0.000000	6.737299e-317	2.004114e+012
1780.000000	5.367271	-0.463929	0.000000	3.862358e-319	2.066125e+011
1790.000000	5.308196	-0.523004	0.000000	3.087910e-321	2.130054e+010
1800.000000	5.249121	-0.582079	0.000000	3.952525e-323	2.195961e+009
1810.000000	5.190046	-0.641154	0.000000	0.000000e+000	2.263907e+008
1820.000000	5.130971	-0.700229	0.000000	0.000000e+000	2.333956e+007
1830.000000	5.071896	-0.759304	0.000000	0.000000e+000	2.406172e+006
1840.000000	5.012821	-0.818379	0.000000	0.000000e+000	2.480622e+005
1850.000000	4.953746	-0.877454	0.000000	0.000000e+000	2.557376e+004
1860.000000	4.894671	-0.936529	0.000000	0.000000e+000	2.636506e+003
1870.000000	4.835597	-0.995603	0.000000	0.000000e+000	2.718083e+002
1880.000000	4.776522	-1.054678	0.000000	0.000000e+000	2.802185e+001
1890.000000	4.717447	-1.113753	0.000000	0.000000e+000	2.888888e+000
1900.000000	4.658372	-1.172828	0.000000	0.000000e+000	2.978275e-001
1910.000000	4.599297	-1.231903	0.000000	0.000000e+000	3.070427e-002
1920.000000	4.540222	-1.290978	0.000000	0.000000e+000	3.165431e-003
1930.000000	4.481147	-1.350053	0.000000	0.000000e+000	3.263374e-004
1940.000000	4.422072	-1.409128	0.000000	0.000000e+000	3.364348e-005
1950.000000	4.362997	-1.468203	0.000000	0.000000e+000	3.468446e-006
1960.000000	4.303922	-1.527278	0.000000	0.000000e+000	3.575764e-007
1970.000000	4.244847	-1.586353	0.000000	0.000000e+000	3.686404e-008
1980.000000	4.185772	-1.645428	0.000000	0.000000e+000	3.800467e-009
1990.000000	4.126697	-1.704503	0.000000	0.000000e+000	3.918059e-010
2000.000000	4.067622	-1.763578	0.000000	0.000000e+000	4.039290e-011
2010.000000	4.008548	-1.822652	0.000000	0.000000e+000	4.164271e-012
2020.000000	3.949473	-1.881727	0.000000	0.000000e+000	4.293120e-013
2030.000000	3.890398	-1.940802	0.000000	0.000000e+000	4.425956e-014
2040.000000	3.831323	-1.999877	0.000000	0.000000e+000	4.562901e-015
2050.000000	3.772248	-2.058952	0.000000	0.000000e+000	4.704084e-016
2060.000000	3.713173	-2.118027	0.000000	0.000000e+000	4.849636e-017
2070.000000	3.654098	-2.177102	0.000000	0.000000e+000	4.999691e-018
2080.000000	3.595023	-2.236177	0.000000	0.000000e+000	5.154389e-019
2090.000000	3.535948	-2.295252	0.000000	0.000000e+000	5.313873e-020
2100.000000	3.476873	-2.354327	0.000000	0.000000e+000	5.478292e-021
2110.000000	3.417798	-2.413402	0.000000	0.000000e+000	5.647799e-022
2120.000000	3.358723	-2.472477	0.000000	0.000000e+000	5.822550e-023
2130.000000	3.299648	-2.531552	0.000000	0.000000e+000	6.002709e-024
2140.000000	3.240573	-2.590627	0.000000	0.000000e+000	6.188441e-025
2150.000000	3.181499	-2.649701	0.000000	0.000000e+000	6.379921e-026
2160.000000	3.122424	-2.708776	0.000000	0.000000e+000	6.577325e-027
2170.000000	3.063349	-2.767851	0.000000	0.000000e+000	6.780838e-028
2180.000000	3.004274	-2.826926	0.000000	0.000000e+000	6.990647e-029
2190.000000	2.945199	-2.886001	0.000000	0.000000e+000	7.206948e-030
2200.000000	2.886124	-2.945076	0.000000	0.000000e+000	7.429942e-031
2210.000000	2.827049	-3.004151	0.000000	0.000000e+000	7.659835e-032
2220.000000	2.767974	-3.063226	0.000000	0.000000e+000	7.896842e-033
2230.000000	2.708899	-3.122301	0.000000	0.000000e+000	8.141182e-034
2240.000000	2.649824	-3.181376	0.000000	0.000000e+000	8.393082e-035
2250.000000	2.590749	-3.240451	0.000000	0.000000e+000	8.652777e-036
2260.000000	2.531674	-3.299526	0.000000	0.000000e+000	8.920507e-037
2270.000000	2.472599	-3.358601	0.000000	0.000000e+000	9.196521e-038
2280.000000	2.413524	-3.417676	0.000000	0.000000e+000	9.481075e-039
2290.000000	2.354450	-3.476750	0.000000	0.000000e+000	9.774433e-040
2300.000000	2.295375	-3.535825	0.000000	0.000000e+000	1.007687e-040
2310.000000	2.236300	-3.594900	0.000000	0.000000e+000	1.038866e-041
2320.000000	2.177225	-3.653975	0.000000	0.000000e+000	1.071010e-042
2330.000000	2.118150	-3.713050	0.000000	0.000000e+000	1.104149e-043
2340.000000	2.059075	-3.772125	0.000000	0.000000e+000	1.138313e-044
2350.000000	2.000000	-3.831200	0.000000	0.000000e+000	1.173534e-045
