x	Ec	Ev	Ef	n	p
0.000000	2.500000	-3.223500	0.000000	1.777686e-005	1.660711e-035
5.000000	2.390774	-3.332726	0.000000	1.552160e-006	2.487845e-037
10.000000	2.284715	-3.438785	0.000000	1.422900e-008	4.209723e-039
15.000000	2.181822	-3.541678	0.000000	9.349600e-006	8.045777e-041
20.000000	2.082094	-3.641406	0.000000	4.257563e-009	1.736799e-042
25.000000	1.985530	-3.737970	0.000000	3.761040e-005	4.234303e-044
30.000000	1.892130	-3.831370	0.000000	1.848652e-007	1.165866e-045
35.000000	1.801891	-3.921609	0.000000	3.529104e-005	3.625213e-047
40.000000	1.714813	-4.008687	0.000000	1.340298e-005	1.272979e-048
45.000000	1.630896	-4.092604	0.000000	2.744254e-005	5.047737e-050
50.000000	1.550138	-4.173362	0.000000	2.199474e-004	2.260193e-051
55.000000	1.472539	-4.250961	0.000000	2.214069e-003	1.142758e-052
60.000000	1.398097	-4.325403	0.000000	2.288353e-002	6.523927e-054
65.000000	1.326812	-4.396688	0.000000	2.108478e-001	4.205312e-055
70.000000	1.258684	-4.464816	0.000000	1.732495e+000	3.060625e-056
75.000000	1.193712	-4.529788	0.000000	1.269693e+001	2.514977e-057
80.000000	1.131894	-4.591606	0.000000	8.309855e+001	2.333244e-058
85.000000	1.073232	-4.650268	0.000000	4.867623e+002	2.443880e-059
90.000000	1.017723	-4.705777	0.000000	2.559846e+003	2.889917e-060
95.000000	0.965368	-4.758132	0.000000	1.213123e+004	3.858069e-061
100.000000	0.916167	-4.807333	0.000000	5.201025e+004	5.814708e-062
105.000000	0.870119	-4.853381	0.000000	2.024393e+005	9.893605e-063
110.000000	0.827223	-4.896277	0.000000	7.172333e+005	1.900407e-063
115.000000	0.787481	-4.936019	0.000000	2.316543e+006	4.120989e-064
120.000000	0.750891	-4.972609	0.000000	6.824440e+006	1.008830e-064
125.000000	0.717454	-5.006046	0.000000	1.833642e+007	2.788022e-065
130.000000	0.687169	-5.036331	0.000000	4.492259e+007	8.698352e-066
135.000000	0.660038	-5.063462	0.000000	1.003236e+008	3.063674e-066
140.000000	0.636060	-5.087440	0.000000	2.041936e+008	1.218194e-066
145.000000	0.615235	-5.108265	0.000000	3.787140e+008	5.468429e-067
150.000000	0.597563	-5.125937	0.000000	6.399532e+008	2.771321e-067
155.000000	0.583046	-5.140454	0.000000	9.851413e+008	1.585608e-067
160.000000	0.571683	-5.151817	0.000000	1.381398e+009	1.024228e-067
165.000000	0.563476	-5.160024	0.000000	1.764312e+009	7.469623e-068
170.000000	0.558423	-5.165077	0.000000	2.052307e+009	6.150506e-068
175.000000	0.556528	-5.166972	0.000000	2.174375e+009	5.717997e-068
180.000000	0.557789	-5.165711	0.000000	2.101777e+009	6.002182e-068
185.000000	0.562208	-5.161292	0.000000	1.899144e+009	7.114082e-068
190.000000	0.569785	-5.153715	0.000000	2.102202e+009	9.521072e-068
190.100000	0.569936	-5.153564	0.000000	2.132689e+009	9.576729e-068
190.200000	0.570088	-5.153412	0.000000	2.165142e+009	9.632711e-068
190.300000	0.570239	-5.153261	0.000000	2.199664e+009	9.689021e-068
190.400000	0.570391	-5.153109	0.000000	2.236359e+009	9.745660e-068
190.500000	0.570543	-5.152957	0.000000	2.275339e+009	9.802629e-068
190.600000	0.570694	-5.152806	0.000000	2.316721e+009	9.859932e-068
190.700000	0.570846	-5.152654	0.000000	2.360629e+009	9.917570e-068
190.800000	0.570997	-5.152503	0.000000	2.407192e+009	9.975544e-068
190.900000	0.571149	-5.152351	0.000000	2.456546e+009	1.003386e-067
191.000000	0.571300	-5.152200	0.000000	2.508834e+009	1.009251e-067
191.100000	0.571452	-5.152048	0.000000	2.564207e+009	1.015151e-067
191.200000	0.571603	-5.151897	0.000000	2.622824e+009	1.021085e-067
191.300000	0.571755	-5.151745	0.000000	2.684851e+009	1.027054e-067
191.400000	0.571906	-5.151594	0.000000	2.750462e+009	1.033058e-067
191.500000	0.572058	-5.151442	0.000000	2.819843e+009	1.039097e-067
191.600000	0.572210	-5.151290	0.000000	2.893187e+009	1.045171e-067
191.700000	0.572361	-5.151139	0.000000	2.970697e+009	1.051281e-067
191.800000	0.572513	-5.150987	0.000000	3.052587e+009	1.057426e-067
191.900000	0.572664	-5.150836	0.000000	3.139082e+009	1.063607e-067
192.000000	0.572816	-5.150684	0.000000	3.230420e+009	1.069825e-067
192.100000	0.572967	-5.150533	0.000000	3.326849e+009	1.076079e-067
192.200000	0.573119	-5.150381	0.000000	3.428630e+009	1.082369e-067
192.300000	0.573270	-5.150230	0.000000	3.536040e+009	1.088696e-067
192.400000	0.573422	-5.150078	0.000000	3.649367e+009	1.095060e-067
192.500000	0.573573	-5.149927	0.000000	3.768915e+009	1.101462e-067
192.600000	0.573725	-5.149775	0.000000	3.895006e+009	1.107900e-067
192.700000	0.573876	-5.149624	0.000000	4.027974e+009	1.114377e-067
192.800000	0.574028	-5.149472	0.000000	4.168175e+009	1.120891e-067
192.900000	0.574180	-5.149320	0.000000	4.315979e+009	1.127443e-067
193.000000	0.574331	-5.149169	0.000000	4.471780e+009	1.134034e-067
193.100000	0.574483	-5.149017	0.000000	4.635987e+009	1.140663e-067
193.200000	0.574634	-5.148866	0.000000	4.809035e+009	1.147331e-067
193.300000	0.574786	-5.148714	0.000000	4.991377e+009	1.154038e-067
193.400000	0.574937	-5.148563	0.000000	5.183493e+009	1.160784e-067
193.500000	0.575089	-5.148411	0.000000	5.385887e+009	1.167570e-067
193.600000	0.575240	-5.148260	0.000000	5.599087e+009	1.174395e-067
193.700000	0.575392	-5.148108	0.000000	5.823650e+009	1.181260e-067
193.800000	0.575543	-5.147957	0.000000	6.060162e+009	1.188165e-067
193.900000	0.575695	-5.147805	0.000000	6.309239e+009	1.195111e-067
194.000000	0.575847	-5.147653	0.000000	6.571529e+009	1.202097e-067
194.100000	0.575998	-5.147502	0.000000	6.847712e+009	1.209124e-067
194.200000	0.576150	-5.147350	0.000000	7.138505e+009	1.216192e-067
194.300000	0.576301	-5.147199	0.000000	7.444661e+009	1.223302e-067
194.400000	0.576453	-5.147047	0.000000	7.766974e+009	1.230453e-067
194.500000	0.576604	-5.146896	0.000000	8.106276e+009	1.237645e-067
194.600000	0.576756	-5.146744	0.000000	8.463445e+009	1.244880e-067
194.700000	0.576907	-5.146593	0.000000	8.839402e+009	1.252157e-067
194.800000	0.577059	-5.146441	0.000000	9.235117e+009	1.259477e-067
194.900000	0.577210	-5.146290	0.000000	9.651611e+009	1.266839e-067
195.000000	0.577362	-5.146138	0.000000	1.008996e+010	1.274245e-067
195.100000	0.577514	-5.145986	0.000000	1.055128e+010	1.281694e-067
195.200000	0.577665	-5.145835	0.000000	1.103678e+010	1.289186e-067
195.300000	0.577817	-5.145683	0.000000	1.154768e+010	1.296722e-067
195.400000	0.577968	-5.145532	0.000000	1.208532e+010	1.304302e-067
195.500000	0.578120	-5.145380	0.000000	1.265107e+010	1.311927e-067
195.600000	0.578271	-5.145229	0.000000	1.324639e+010	1.319596e-067
195.700000	0.578423	-5.145077	0.000000	1.387279e+010	1.327310e-067
195.800000	0.578574	-5.144926	0.000000	1.453190e+010	1.335069e-067
195.900000	0.578726	-5.144774	0.000000	1.522541e+010	1.342873e-067
196.000000	0.578877	-5.144623	0.000000	1.595508e+010	1.350723e-067
196.100000	0.579029	-5.144471	0.000000	1.672280e+010	1.358619e-067
196.200000	0.579181	-5.144319	0.000000	1.753053e+010	1.366561e-067
196.300000	0.579332	-5.144168	0.000000	1.838035e+010	1.374549e-067
196.400000	0.579484	-5.144016	0.000000	1.927443e+010	1.382584e-067
196.500000	0.579635	-5.143865	0.000000	2.021507e+010	1.390667e-067
196.600000	0.579787	-5.143713	0.000000	2.120467e+010	1.398796e-067
196.700000	0.579938	-5.143562	0.000000	2.224578e+010	1.406973e-067
196.800000	0.580090	-5.143410	0.000000	2.334107e+010	1.415197e-067
196.900000	0.580241	-5.143259	0.000000	2.449333e+010	1.423470e-067
197.000000	0.580393	-5.143107	0.000000	2.570553e+010	1.431791e-067
197.100000	0.580544	-5.142956	0.000000	2.698077e+010	1.440161e-067
197.200000	0.580696	-5.142804	0.000000	2.832233e+010	1.448580e-067
197.300000	0.580848	-5.142652	0.000000	2.973364e+010	1.457048e-067
197.400000	0.580999	-5.142501	0.000000	3.121831e+010	1.465565e-067
197.500000	0.581151	-5.142349	0.000000	3.278017e+010	1.474132e-067
197.600000	0.581302	-5.142198	0.000000	3.442321e+010	1.482749e-067
197.700000	0.581454	-5.142046	0.000000	3.615164e+010	1.491417e-067
197.800000	0.581605	-5.141895	0.000000	3.796990e+010	1.500135e-067
197.900000	0.581757	-5.141743	0.000000	3.988266e+010	1.508905e-067
198.000000	0.581908	-5.141592	0.000000	4.189482e+010	1.517725e-067
198.100000	0.582060	-5.141440	0.000000	4.401154e+010	1.526597e-067
198.200000	0.582211	-5.141289	0.000000	4.623826e+010	1.535521e-067
198.300000	0.582363	-5.141137	0.000000	4.858070e+010	1.544497e-067
198.400000	0.582515	-5.140985	0.000000	5.104487e+010	1.553526e-067
198.500000	0.582666	-5.140834	0.000000	5.363709e+010	1.562607e-067
198.600000	0.582818	-5.140682	0.000000	5.636403e+010	1.571742e-067
198.700000	0.582969	-5.140531	0.000000	5.923268e+010	1.580929e-067
198.800000	0.583121	-5.140379	0.000000	6.225043e+010	1.590171e-067
198.900000	0.583272	-5.140228	0.000000	6.542503e+010	1.599467e-067
199.000000	0.583424	-5.140076	0.000000	6.876464e+010	1.608817e-067
199.100000	0.583575	-5.139925	0.000000	7.227784e+010	1.618221e-067
199.200000	0.583727	-5.139773	0.000000	7.597368e+010	1.627681e-067
199.300000	0.583878	-5.139622	0.000000	7.986166e+010	1.637195e-067
199.400000	0.584030	-5.139470	0.000000	8.395178e+010	1.646766e-067
199.500000	0.584182	-5.139318	0.000000	8.825458e+010	1.656392e-067
199.600000	0.584333	-5.139167	0.000000	9.278113e+010	1.666075e-067
199.700000	0.584485	-5.139015	0.000000	9.754308e+010	1.675814e-067
199.800000	0.584636	-5.138864	0.000000	1.025527e+011	1.685611e-067
199.900000	0.584788	-5.138712	0.000000	1.078229e+011	1.695464e-067
200.000000	0.584939	-5.138561	0.000000	1.133673e+011	1.705375e-067
200.100000	0.585091	-5.138409	0.000000	1.192002e+011	1.715344e-067
200.200000	0.585242	-5.138258	0.000000	1.253365e+011	1.725371e-067
200.300000	0.585394	-5.138106	0.000000	1.317922e+011	1.735457e-067
200.400000	0.585545	-5.137955	0.000000	1.385838e+011	1.745602e-067
200.500000	0.585697	-5.137803	0.000000	1.457290e+011	1.755806e-067
200.600000	0.585848	-5.137652	0.000000	1.532462e+011	1.766070e-067
200.700000	0.586000	-5.137500	0.000000	1.611547e+011	1.776394e-067
200.800000	0.586152	-5.137348	0.000000	1.694750e+011	1.786778e-067
200.900000	0.586303	-5.137197	0.000000	1.782286e+011	1.797223e-067
201.000000	0.586455	-5.137045	0.000000	1.874382e+011	1.807729e-067
201.100000	0.586606	-5.136894	0.000000	1.971275e+011	1.818296e-067
201.200000	0.586758	-5.136742	0.000000	2.073216e+011	1.828925e-067
201.300000	0.586909	-5.136591	0.000000	2.180469e+011	1.839617e-067
201.400000	0.587061	-5.136439	0.000000	2.293312e+011	1.850370e-067
201.500000	0.587212	-5.136288	0.000000	2.412036e+011	1.861187e-067
201.600000	0.587364	-5.136136	0.000000	2.536948e+011	1.872067e-067
201.700000	0.587515	-5.135985	0.000000	2.668373e+011	1.883010e-067
201.800000	0.587667	-5.135833	0.000000	2.806652e+011	1.894018e-067
201.900000	0.587819	-5.135681	0.000000	2.952141e+011	1.905090e-067
202.000000	0.587970	-5.135530	0.000000	3.105219e+011	1.916226e-067
202.100000	0.588122	-5.135378	0.000000	3.266283e+011	1.927428e-067
202.200000	0.588273	-5.135227	0.000000	3.435750e+011	1.938695e-067
202.300000	0.588425	-5.135075	0.000000	3.614060e+011	1.950028e-067
202.400000	0.588576	-5.134924	0.000000	3.801677e+011	1.961427e-067
202.500000	0.588728	-5.134772	0.000000	3.999086e+011	1.972893e-067
202.600000	0.588879	-5.134621	0.000000	4.206802e+011	1.984425e-067
202.700000	0.589031	-5.134469	0.000000	4.425363e+011	1.996026e-067
202.800000	0.589182	-5.134318	0.000000	4.655338e+011	2.007694e-067
202.900000	0.589334	-5.134166	0.000000	4.897325e+011	2.019430e-067
203.000000	0.589486	-5.134014	0.000000	5.151953e+011	2.031235e-067
203.100000	0.589637	-5.133863	0.000000	5.419885e+011	2.043109e-067
203.200000	0.589789	-5.133711	0.000000	5.701817e+011	2.055052e-067
203.300000	0.589940	-5.133560	0.000000	5.998483e+011	2.067065e-067
203.400000	0.590092	-5.133408	0.000000	6.310657e+011	2.079148e-067
203.500000	0.590243	-5.133257	0.000000	6.639151e+011	2.091302e-067
203.600000	0.590395	-5.133105	0.000000	6.984822e+011	2.103527e-067
203.700000	0.590546	-5.132954	0.000000	7.348569e+011	2.115824e-067
203.800000	0.590698	-5.132802	0.000000	7.731342e+011	2.128192e-067
203.900000	0.590849	-5.132651	0.000000	8.134139e+011	2.140633e-067
204.000000	0.591001	-5.132499	0.000000	8.558010e+011	2.153146e-067
204.100000	0.591153	-5.132347	0.000000	9.004062e+011	2.165733e-067
204.200000	0.591304	-5.132196	0.000000	9.473459e+011	2.178393e-067
204.300000	0.591456	-5.132044	0.000000	9.967427e+011	2.191127e-067
204.400000	0.591607	-5.131893	0.000000	1.048726e+012	2.203936e-067
204.500000	0.591759	-5.131741	0.000000	1.103431e+012	2.216819e-067
204.600000	0.591910	-5.131590	0.000000	1.161000e+012	2.229778e-067
204.700000	0.592062	-5.131438	0.000000	1.221585e+012	2.242812e-067
204.800000	0.592213	-5.131287	0.000000	1.285345e+012	2.255923e-067
204.900000	0.592365	-5.131135	0.000000	1.352444e+012	2.269110e-067
205.000000	0.592516	-5.130984	0.000000	1.423060e+012	2.282375e-067
205.100000	0.592668	-5.130832	0.000000	1.497378e+012	2.295717e-067
205.200000	0.592820	-5.130680	0.000000	1.575590e+012	2.309137e-067
205.300000	0.592971	-5.130529	0.000000	1.657904e+012	2.322635e-067
205.400000	0.593123	-5.130377	0.000000	1.744534e+012	2.336212e-067
205.500000	0.593274	-5.130226	0.000000	1.835707e+012	2.349869e-067
205.600000	0.593426	-5.130074	0.000000	1.931662e+012	2.363606e-067
205.700000	0.593577	-5.129923	0.000000	2.032651e+012	2.377422e-067
205.800000	0.593729	-5.129771	0.000000	2.138940e+012	2.391320e-067
205.900000	0.593880	-5.129620	0.000000	2.250806e+012	2.405299e-067
206.000000	0.594032	-5.129468	0.000000	2.368543e+012	2.419359e-067
206.100000	0.594183	-5.129317	0.000000	2.492461e+012	2.433502e-067
206.200000	0.594335	-5.129165	0.000000	2.622885e+012	2.447727e-067
206.300000	0.594487	-5.129013	0.000000	2.760158e+012	2.462036e-067
206.400000	0.594638	-5.128862	0.000000	2.904640e+012	2.476428e-067
206.500000	0.594790	-5.128710	0.000000	3.056712e+012	2.490904e-067
206.600000	0.594941	-5.128559	0.000000	3.216773e+012	2.505465e-067
206.700000	0.595093	-5.128407	0.000000	3.385244e+012	2.520111e-067
206.800000	0.595244	-5.128256	0.000000	3.562568e+012	2.534843e-067
206.900000	0.595396	-5.128104	0.000000	3.749213e+012	2.549661e-067
207.000000	0.595547	-5.127953	0.000000	3.945670e+012	2.564565e-067
207.100000	0.595699	-5.127801	0.000000	4.152455e+012	2.579557e-067
207.200000	0.595850	-5.127650	0.000000	4.370114e+012	2.594636e-067
207.300000	0.596002	-5.127498	0.000000	4.599221e+012	2.609803e-067
207.400000	0.596154	-5.127346	0.000000	4.840378e+012	2.625059e-067
207.500000	0.596305	-5.127195	0.000000	5.094223e+012	2.640404e-067
207.600000	0.596457	-5.127043	0.000000	5.361424e+012	2.655839e-067
207.700000	0.596608	-5.126892	0.000000	5.642687e+012	2.671364e-067
207.800000	0.596760	-5.126740	0.000000	5.938754e+012	2.686980e-067
207.900000	0.596911	-5.126589	0.000000	6.250406e+012	2.702687e-067
208.000000	0.597063	-5.126437	0.000000	6.578466e+012	2.718486e-067
208.100000	0.597214	-5.126286	0.000000	6.923802e+012	2.734378e-067
208.200000	0.597366	-5.126134	0.000000	7.287324e+012	2.750362e-067
208.300000	0.597517	-5.125983	0.000000	7.669995e+012	2.766440e-067
208.400000	0.597669	-5.125831	0.000000	8.072825e+012	2.782611e-067
208.500000	0.597820	-5.125680	0.000000	8.496880e+012	2.798877e-067
208.600000	0.597972	-5.125528	0.000000	8.943281e+012	2.815239e-067
208.700000	0.598124	-5.125376	0.000000	9.413211e+012	2.831695e-067
208.800000	0.598275	-5.125225	0.000000	9.907912e+012	2.848249e-067
208.900000	0.598427	-5.125073	0.000000	1.042869e+013	2.864898e-067
209.000000	0.598578	-5.124922	0.000000	1.097694e+013	2.881646e-067
209.100000	0.598730	-5.124770	0.000000	1.155409e+013	2.898491e-067
209.200000	0.598881	-5.124619	0.000000	1.216169e+013	2.915434e-067
209.300000	0.599033	-5.124467	0.000000	1.280134e+013	2.932477e-067
209.400000	0.599184	-5.124316	0.000000	1.347474e+013	2.949619e-067
209.500000	0.599336	-5.124164	0.000000	1.418367e+013	2.966861e-067
209.600000	0.599487	-5.124013	0.000000	1.493002e+013	2.984205e-067
209.700000	0.599639	-5.123861	0.000000	1.571576e+013	3.001649e-067
209.800000	0.599791	-5.123709	0.000000	1.654299e+013	3.019196e-067
209.900000	0.599942	-5.123558	0.000000	1.741389e+013	3.036845e-067
210.000000	0.969754	-5.310246	0.000000	1.981707e+013	2.312315e-070
210.100000	0.967503	-5.312497	0.000000	2.096221e+013	2.120545e-070
210.200000	0.965252	-5.314748	0.000000	2.218696e+013	1.944679e-070
210.300000	0.963001	-5.316999	0.000000	2.349661e+013	1.783399e-070
210.400000	0.960750	-5.319250	0.000000	2.489680e+013	1.635494e-070
210.500000	0.958499	-5.321501	0.000000	2.639354e+013	1.499856e-070
210.600000	0.956248	-5.323752	0.000000	2.799327e+013	1.375466e-070
210.700000	0.953997	-5.326003	0.000000	2.970284e+013	1.261393e-070
210.800000	0.951746	-5.328254	0.000000	3.152954e+013	1.156781e-070
210.900000	0.949495	-5.330505	0.000000	3.348118e+013	1.060844e-070
211.000000	0.947244	-5.332756	0.000000	3.556606e+013	9.728637e-071
211.100000	0.944993	-5.335007	0.000000	3.779304e+013	8.921800e-071
211.200000	0.942742	-5.337258	0.000000	4.017156e+013	8.181878e-071
211.300000	0.940491	-5.339509	0.000000	4.271168e+013	7.503321e-071
211.400000	0.938240	-5.341760	0.000000	4.542412e+013	6.881039e-071
211.500000	0.935989	-5.344011	0.000000	4.832030e+013	6.310365e-071
211.600000	0.933738	-5.346262	0.000000	5.141241e+013	5.787020e-071
211.700000	0.931487	-5.348513	0.000000	5.471341e+013	5.307078e-071
211.800000	0.929236	-5.350764	0.000000	5.823711e+013	4.866940e-071
211.900000	0.926985	-5.353015	0.000000	6.199824e+013	4.463304e-071
212.000000	0.924734	-5.355266	0.000000	6.601245e+013	4.093144e-071
212.100000	0.922483	-5.357517	0.000000	7.029645e+013	3.753682e-071
212.200000	0.920232	-5.359768	0.000000	7.486801e+013	3.442374e-071
212.300000	0.917981	-5.362019	0.000000	7.974605e+013	3.156883e-071
212.400000	0.915730	-5.364270	0.000000	8.495072e+013	2.895070e-071
212.500000	0.913479	-5.366521	0.000000	9.050348e+013	2.654969e-071
212.600000	0.911228	-5.368772	0.000000	9.642714e+013	2.434782e-071
212.700000	0.908977	-5.371023	0.000000	1.027460e+014	2.232855e-071
212.800000	0.906726	-5.373274	0.000000	1.094860e+014	2.047675e-071
212.900000	0.904475	-5.375525	0.000000	1.166746e+014	1.877853e-071
213.000000	0.902224	-5.377776	0.000000	1.243411e+014	1.722114e-071
213.100000	0.899973	-5.380027	0.000000	1.325167e+014	1.579292e-071
213.200000	0.897722	-5.382278	0.000000	1.412345e+014	1.448315e-071
213.300000	0.895471	-5.384529	0.000000	1.505299e+014	1.328200e-071
213.400000	0.893220	-5.386780	0.000000	1.604403e+014	1.218047e-071
213.500000	0.890969	-5.389031	0.000000	1.710058e+014	1.117029e-071
213.600000	0.888718	-5.391282	0.000000	1.822687e+014	1.024389e-071
213.700000	0.886467	-5.393533	0.000000	1.942743e+014	9.394322e-072
213.800000	0.884217	-5.395783	0.000000	2.070705e+014	8.615211e-072
213.900000	0.881966	-5.398034	0.000000	2.207085e+014	7.900715e-072
214.000000	0.879715	-5.400285	0.000000	2.352426e+014	7.245476e-072
214.100000	0.877464	-5.402536	0.000000	2.507304e+014	6.644578e-072
214.200000	0.875213	-5.404787	0.000000	2.672335e+014	6.093515e-072
214.300000	0.872962	-5.407038	0.000000	2.848171e+014	5.588154e-072
214.400000	0.870711	-5.409289	0.000000	3.035505e+014	5.124705e-072
214.500000	0.868460	-5.411540	0.000000	3.235075e+014	4.699691e-072
214.600000	0.866209	-5.413791	0.000000	3.447664e+014	4.309926e-072
214.700000	0.863958	-5.416042	0.000000	3.674105e+014	3.952486e-072
214.800000	0.861707	-5.418293	0.000000	3.915284e+014	3.624689e-072
214.900000	0.859456	-5.420544	0.000000	4.172139e+014	3.324079e-072
215.000000	0.857205	-5.422795	0.000000	4.445671e+014	3.048399e-072
215.100000	0.854954	-5.425046	0.000000	4.736941e+014	2.795582e-072
215.200000	0.852703	-5.427297	0.000000	5.047075e+014	2.563732e-072
215.300000	0.850452	-5.429548	0.000000	5.377272e+014	2.351111e-072
215.400000	0.848201	-5.431799	0.000000	5.728802e+014	2.156124e-072
215.500000	0.845950	-5.434050	0.000000	6.103018e+014	1.977307e-072
215.600000	0.843699	-5.436301	0.000000	6.501353e+014	1.813321e-072
215.700000	0.841448	-5.438552	0.000000	6.925330e+014	1.662934e-072
215.800000	0.839197	-5.440803	0.000000	7.376567e+014	1.525020e-072
215.900000	0.836946	-5.443054	0.000000	7.856781e+014	1.398543e-072
216.000000	0.834695	-5.445305	0.000000	8.367793e+014	1.282556e-072
216.100000	0.832444	-5.447556	0.000000	8.911540e+014	1.176188e-072
216.200000	0.830193	-5.449807	0.000000	9.490074e+014	1.078642e-072
216.300000	0.827942	-5.452058	0.000000	1.010557e+015	9.891856e-073
216.400000	0.825691	-5.454309	0.000000	1.076036e+015	9.071482e-073
216.500000	0.823440	-5.456560	0.000000	1.145687e+015	8.319145e-073
216.600000	0.821189	-5.458811	0.000000	1.219773e+015	7.629202e-073
216.700000	0.818938	-5.461062	0.000000	1.298569e+015	6.996479e-073
216.800000	0.816687	-5.463313	0.000000	1.382368e+015	6.416231e-073
216.900000	0.814436	-5.465564	0.000000	1.471481e+015	5.884105e-073
217.000000	0.812185	-5.467815	0.000000	1.566239e+015	5.396110e-073
217.100000	0.809934	-5.470066	0.000000	1.666991e+015	4.948587e-073
217.200000	0.807683	-5.472317	0.000000	1.774108e+015	4.538179e-073
217.300000	0.805432	-5.474568	0.000000	1.887984e+015	4.161808e-073
217.400000	0.803181	-5.476819	0.000000	2.009036e+015	3.816651e-073
217.500000	0.800930	-5.479070	0.000000	2.137706e+015	3.500119e-073
217.600000	0.798679	-5.481321	0.000000	2.274464e+015	3.209839e-073
217.700000	0.796428	-5.483572	0.000000	2.419806e+015	2.943632e-073
217.800000	0.794177	-5.485823	0.000000	2.574260e+015	2.699504e-073
217.900000	0.791926	-5.488074	0.000000	2.738384e+015	2.475622e-073
218.000000	0.789675	-5.490325	0.000000	2.912771e+015	2.270307e-073
218.100000	0.787424	-5.492576	0.000000	3.098048e+015	2.082020e-073
218.200000	0.785173	-5.494827	0.000000	3.294880e+015	1.909349e-073
218.300000	0.782922	-5.497078	0.000000	3.503972e+015	1.750998e-073
218.400000	0.780671	-5.499329	0.000000	3.726069e+015	1.605779e-073
218.500000	0.778420	-5.501580	0.000000	3.961963e+015	1.472605e-073
218.600000	0.776169	-5.503831	0.000000	4.212492e+015	1.350475e-073
218.700000	0.773918	-5.506082	0.000000	4.478543e+015	1.238473e-073
218.800000	0.771667	-5.508333	0.000000	4.761055e+015	1.135761e-073
218.900000	0.769416	-5.510584	0.000000	5.061025e+015	1.041567e-073
219.000000	0.767165	-5.512835	0.000000	5.379505e+015	9.551847e-074
219.100000	0.764914	-5.515086	0.000000	5.717612e+015	8.759665e-074
219.200000	0.762663	-5.517337	0.000000	6.076528e+015	8.033183e-074
219.300000	0.760412	-5.519588	0.000000	6.457503e+015	7.366952e-074
219.400000	0.758161	-5.521839	0.000000	6.861862e+015	6.755974e-074
219.500000	0.755910	-5.524090	0.000000	7.291007e+015	6.195667e-074
219.600000	0.753659	-5.526341	0.000000	7.746420e+015	5.681828e-074
219.700000	0.751408	-5.528592	0.000000	8.229673e+015	5.210605e-074
219.800000	0.749157	-5.530843	0.000000	8.742427e+015	4.778462e-074
219.900000	0.746906	-5.533094	0.000000	9.286439e+015	4.382159e-074
220.000000	0.744655	-5.535345	0.000000	9.863571e+015	4.018723e-074
220.100000	0.742404	-5.537596	0.000000	1.047579e+016	3.685429e-074
220.200000	0.740153	-5.539847	0.000000	1.112518e+016	3.379776e-074
220.300000	0.737902	-5.542098	0.000000	1.181394e+016	3.099472e-074
220.400000	0.735651	-5.544349	0.000000	1.254439e+016	2.842415e-074
220.500000	0.733400	-5.546600	0.000000	1.331902e+016	2.606677e-074
220.600000	0.731149	-5.548851	0.000000	1.414041e+016	2.390490e-074
220.700000	0.728898	-5.551102	0.000000	1.501132e+016	2.192233e-074
220.800000	0.726647	-5.553353	0.000000	1.593467e+016	2.010417e-074
220.900000	0.724396	-5.555604	0.000000	1.691354e+016	1.843681e-074
221.000000	0.722145	-5.557855	0.000000	1.795117e+016	1.690773e-074
221.100000	0.719894	-5.560106	0.000000	1.905101e+016	1.550546e-074
221.200000	0.717643	-5.562357	0.000000	2.021670e+016	1.421949e-074
221.300000	0.715392	-5.564608	0.000000	2.145208e+016	1.304017e-074
221.400000	0.713141	-5.566859	0.000000	2.276120e+016	1.195866e-074
221.500000	0.710890	-5.569110	0.000000	2.414837e+016	1.096684e-074
221.600000	0.708639	-5.571361	0.000000	2.561812e+016	1.005728e-074
221.700000	0.706388	-5.573612	0.000000	2.717523e+016	9.223157e-075
221.800000	0.704137	-5.575863	0.000000	2.882476e+016	8.458209e-075
221.900000	0.701886	-5.578114	0.000000	3.057207e+016	7.756703e-075
222.000000	0.699635	-5.580365	0.000000	3.242278e+016	7.113377e-075
222.100000	0.697383	-5.582617	0.000000	3.438288e+016	6.523405e-075
222.200000	0.695132	-5.584868	0.000000	3.645865e+016	5.982363e-075
222.300000	0.692881	-5.587119	0.000000	3.865674e+016	5.486192e-075
222.400000	0.690630	-5.589370	0.000000	4.098417e+016	5.031172e-075
222.500000	0.688379	-5.591621	0.000000	4.344834e+016	4.613889e-075
222.600000	0.686128	-5.593872	0.000000	4.605709e+016	4.231214e-075
222.700000	0.683877	-5.596123	0.000000	4.881865e+016	3.880276e-075
222.800000	0.681626	-5.598374	0.000000	5.174176e+016	3.558444e-075
222.900000	0.679374	-5.600626	0.000000	5.483560e+016	3.263303e-075
223.000000	0.677123	-5.602877	0.000000	5.810988e+016	2.992640e-075
223.100000	0.674872	-5.605128	0.000000	6.157483e+016	2.744425e-075
223.200000	0.672621	-5.607379	0.000000	6.524125e+016	2.516797e-075
223.300000	0.670370	-5.609630	0.000000	6.912055e+016	2.308047e-075
223.400000	0.668118	-5.611882	0.000000	7.322474e+016	2.116610e-075
223.500000	0.665867	-5.614133	0.000000	7.756650e+016	1.941050e-075
223.600000	0.663616	-5.616384	0.000000	8.215919e+016	1.780051e-075
223.700000	0.661365	-5.618635	0.000000	8.701693e+016	1.632405e-075
223.800000	0.659113	-5.620887	0.000000	9.215457e+016	1.497004e-075
223.900000	0.656862	-5.623138	0.000000	9.758780e+016	1.372833e-075
224.000000	0.654611	-5.625389	0.000000	1.033331e+017	1.258960e-075
224.100000	0.652359	-5.627641	0.000000	1.094080e+017	1.154532e-075
224.200000	0.650108	-5.629892	0.000000	1.158308e+017	1.058765e-075
224.300000	0.647856	-5.632144	0.000000	1.226208e+017	9.709412e-076
224.400000	0.645605	-5.634395	0.000000	1.297984e+017	8.904012e-076
224.500000	0.643353	-5.636647	0.000000	1.373852e+017	8.165411e-076
224.600000	0.641102	-5.638898	0.000000	1.454038e+017	7.488070e-076
224.700000	0.638850	-5.641150	0.000000	1.538780e+017	6.866908e-076
224.800000	0.636599	-5.643401	0.000000	1.628330e+017	6.297265e-076
224.900000	0.634347	-5.645653	0.000000	1.722952e+017	5.774870e-076
225.000000	0.632096	-5.647904	0.000000	1.822926e+017	5.295803e-076
225.100000	0.629844	-5.650156	0.000000	1.928545e+017	4.856470e-076
225.200000	0.627592	-5.652408	0.000000	2.040118e+017	4.453577e-076
225.300000	0.625341	-5.654659	0.000000	2.157971e+017	4.084101e-076
225.400000	0.623089	-5.656911	0.000000	2.282447e+017	3.745271e-076
225.500000	0.620837	-5.659163	0.000000	2.413907e+017	3.434545e-076
225.600000	0.618585	-5.661415	0.000000	2.552730e+017	3.149592e-076
225.700000	0.616333	-5.663667	0.000000	2.699317e+017	2.888275e-076
225.800000	0.614081	-5.665919	0.000000	2.854089e+017	2.648633e-076
225.900000	0.611829	-5.668171	0.000000	3.017488e+017	2.428868e-076
226.000000	0.609577	-5.670423	0.000000	3.189980e+017	2.227332e-076
226.100000	0.607325	-5.672675	0.000000	3.372056e+017	2.042514e-076
226.200000	0.605072	-5.674928	0.000000	3.564233e+017	1.873026e-076
226.300000	0.602820	-5.677180	0.000000	3.767051e+017	1.717597e-076
226.400000	0.600568	-5.679432	0.000000	3.981083e+017	1.575062e-076
226.500000	0.598315	-5.681685	0.000000	4.206928e+017	1.444350e-076
226.600000	0.596062	-5.683938	0.000000	4.445218e+017	1.324481e-076
226.700000	0.593810	-5.686190	0.000000	4.696617e+017	1.214555e-076
226.800000	0.591557	-5.688443	0.000000	4.961823e+017	1.113749e-076
226.900000	0.589304	-5.690696	0.000000	5.241569e+017	1.021305e-076
227.000000	0.587051	-5.692949	0.000000	5.536627e+017	9.365307e-077
227.100000	0.584798	-5.695202	0.000000	5.847808e+017	8.587890e-077
227.200000	0.582545	-5.697455	0.000000	6.175964e+017	7.874969e-077
227.300000	0.580291	-5.699709	0.000000	6.521990e+017	7.221194e-077
227.400000	0.578038	-5.701962	0.000000	6.886827e+017	6.621659e-077
227.500000	0.575784	-5.704216	0.000000	7.271465e+017	6.071867e-077
227.600000	0.573530	-5.706470	0.000000	7.676941e+017	5.567690e-077
227.700000	0.571276	-5.708724	0.000000	8.104346e+017	5.105345e-077
227.800000	0.569022	-5.710978	0.000000	8.554828e+017	4.681363e-077
227.900000	0.566768	-5.713232	0.000000	9.029589e+017	4.292561e-077
228.000000	0.564513	-5.715487	0.000000	9.529894e+017	3.936021e-077
228.100000	0.562258	-5.717742	0.000000	1.005707e+018	3.609067e-077
228.200000	0.560003	-5.719997	0.000000	1.061251e+018	3.309245e-077
228.300000	0.557748	-5.722252	0.000000	1.119767e+018	3.034304e-077
228.400000	0.555493	-5.724507	0.000000	1.181410e+018	2.782181e-077
228.500000	0.553237	-5.726763	0.000000	1.246341e+018	2.550982e-077
228.600000	0.550981	-5.729019	0.000000	1.314728e+018	2.338972e-077
228.700000	0.548725	-5.731275	0.000000	1.386749e+018	2.144558e-077
228.800000	0.546468	-5.733532	0.000000	1.462590e+018	1.966282e-077
228.900000	0.544212	-5.735788	0.000000	1.542448e+018	1.802805e-077
229.000000	0.541954	-5.738046	0.000000	1.626526e+018	1.652898e-077
229.100000	0.539697	-5.740303	0.000000	1.715040e+018	1.515436e-077
229.200000	0.537439	-5.742561	0.000000	1.808215e+018	1.389386e-077
229.300000	0.535181	-5.744819	0.000000	1.906288e+018	1.273802e-077
229.400000	0.532922	-5.747078	0.000000	2.009507e+018	1.167815e-077
229.500000	0.530663	-5.749337	0.000000	2.118132e+018	1.070629e-077
229.600000	0.528404	-5.751596	0.000000	2.232436e+018	9.815144e-078
229.700000	0.526144	-5.753856	0.000000	2.352704e+018	8.998006e-078
229.800000	0.523883	-5.756117	0.000000	2.479236e+018	8.248738e-078
229.900000	0.521622	-5.758378	0.000000	2.612346e+018	7.561709e-078
230.000000	0.519360	-5.760640	0.000000	2.752362e+018	6.931753e-078
230.100000	0.517098	-5.762902	0.000000	2.899630e+018	6.354135e-078
230.200000	0.514835	-5.765165	0.000000	3.054511e+018	5.824511e-078
230.300000	0.512572	-5.767428	0.000000	3.217383e+018	5.338898e-078
230.400000	0.510308	-5.769692	0.000000	3.388642e+018	4.893644e-078
230.500000	0.508043	-5.771957	0.000000	3.568704e+018	4.485399e-078
230.600000	0.505777	-5.774223	0.000000	3.758002e+018	4.111091e-078
230.700000	0.503511	-5.776489	0.000000	3.956993e+018	3.767903e-078
230.800000	0.501244	-5.778756	0.000000	4.166153e+018	3.453252e-078
230.900000	0.498976	-5.781024	0.000000	4.385980e+018	3.164770e-078
231.000000	0.496706	-5.783294	0.000000	4.616997e+018	2.900282e-078
231.100000	0.494436	-5.785564	0.000000	4.859750e+018	2.657798e-078
231.200000	0.492165	-5.787835	0.000000	5.114811e+018	2.435491e-078
231.300000	0.489893	-5.790107	0.000000	5.382780e+018	2.231685e-078
231.400000	0.487620	-5.792380	0.000000	5.664281e+018	2.044843e-078
231.500000	0.485345	-5.794655	0.000000	5.959971e+018	1.873557e-078
231.600000	0.483069	-5.796931	0.000000	6.270534e+018	1.716536e-078
231.700000	0.480792	-5.799208	0.000000	6.596687e+018	1.572593e-078
231.800000	0.478514	-5.801486	0.000000	6.939179e+018	1.440643e-078
231.900000	0.476234	-5.803766	0.000000	7.298796e+018	1.319690e-078
232.000000	0.473952	-5.806048	0.000000	7.676355e+018	1.208819e-078
232.100000	0.471669	-5.808331	0.000000	8.072714e+018	1.107194e-078
232.200000	0.469384	-5.810616	0.000000	8.488768e+018	1.014045e-078
232.300000	0.467097	-5.812903	0.000000	8.925453e+018	9.286678e-079
232.400000	0.464809	-5.815191	0.000000	9.383747e+018	8.504171e-079
232.500000	0.462518	-5.817482	0.000000	9.864672e+018	7.787001e-079
232.600000	0.460225	-5.819775	0.000000	1.036930e+019	7.129735e-079
232.700000	0.457930	-5.822070	0.000000	1.089873e+019	6.527392e-079
232.800000	0.455633	-5.824367	0.000000	1.145415e+019	5.975403e-079
232.900000	0.453334	-5.826666	0.000000	1.203677e+019	5.469581e-079
233.000000	0.451031	-5.828969	0.000000	1.264785e+019	5.006084e-079
233.100000	0.448726	-5.831274	0.000000	1.328872e+019	4.581390e-079
233.200000	0.446419	-5.833581	0.000000	1.396077e+019	4.192268e-079
233.300000	0.444108	-5.835892	0.000000	1.466545e+019	3.835759e-079
233.400000	0.441794	-5.838206	0.000000	1.540426e+019	3.509146e-079
233.500000	0.439477	-5.840523	0.000000	1.617877e+019	3.209939e-079
233.600000	0.437156	-5.842844	0.000000	1.699064e+019	2.935855e-079
233.700000	0.434832	-5.845168	0.000000	1.784157e+019	2.684800e-079
233.800000	0.432504	-5.847496	0.000000	1.873336e+019	2.454856e-079
233.900000	0.430172	-5.849828	0.000000	1.966786e+019	2.244261e-079
234.000000	0.427836	-5.852164	0.000000	2.064703e+019	2.051403e-079
234.100000	0.425495	-5.854505	0.000000	2.167288e+019	1.874801e-079
234.200000	0.423150	-5.856850	0.000000	2.274755e+019	1.713098e-079
234.300000	0.420800	-5.859200	0.000000	2.387322e+019	1.565051e-079
234.400000	0.418445	-5.861555	0.000000	2.505220e+019	1.429518e-079
234.500000	0.416085	-5.863915	0.000000	2.628687e+019	1.305456e-079
234.600000	0.413719	-5.866281	0.000000	2.757974e+019	1.191903e-079
234.700000	0.411347	-5.868653	0.000000	2.893341e+019	1.087982e-079
234.800000	0.408969	-5.871031	0.000000	3.035057e+019	9.928871e-080
234.900000	0.406584	-5.873416	0.000000	3.183406e+019	9.058786e-080
235.000000	-0.411867	-5.463367	0.000000	2.754411e+019	6.402856e-073
235.100000	-0.408904	-5.460404	0.000000	2.860828e+019	7.175697e-073
235.200000	-0.405947	-5.457447	0.000000	2.967657e+019	8.039970e-073
235.300000	-0.402997	-5.454497	0.000000	3.074795e+019	9.006187e-073
235.400000	-0.400053	-5.451553	0.000000	3.182140e+019	1.008602e-072
235.500000	-0.397115	-5.448615	0.000000	3.289594e+019	1.129244e-072
235.600000	-0.394184	-5.445684	0.000000	3.397057e+019	1.263981e-072
235.700000	-0.391261	-5.442761	0.000000	3.504434e+019	1.414407e-072
235.800000	-0.388345	-5.439845	0.000000	3.611630e+019	1.582289e-072
235.900000	-0.385436	-5.436936	0.000000	3.718552e+019	1.769583e-072
236.000000	-0.382535	-5.434035	0.000000	3.825108e+019	1.978454e-072
236.100000	-0.379642	-5.431142	0.000000	3.931209e+019	2.211298e-072
236.200000	-0.376758	-5.428258	0.000000	4.036769e+019	2.470764e-072
236.300000	-0.373881	-5.425381	0.000000	4.141701e+019	2.759777e-072
236.400000	-0.371014	-5.422514	0.000000	4.245923e+019	3.081569e-072
236.500000	-0.368155	-5.419655	0.000000	4.349354e+019	3.439706e-072
236.600000	-0.365306	-5.416806	0.000000	4.451916e+019	3.838121e-072
236.700000	-0.362465	-5.413965	0.000000	4.553532e+019	4.281150e-072
236.800000	-0.359635	-5.411135	0.000000	4.654129e+019	4.773566e-072
236.900000	-0.356814	-5.408314	0.000000	4.753634e+019	5.320625e-072
237.000000	-0.354003	-5.405503	0.000000	4.851979e+019	5.928109e-072
237.100000	-0.351202	-5.402702	0.000000	4.949097e+019	6.602373e-072
237.200000	-0.348412	-5.399912	0.000000	5.044924e+019	7.350399e-072
237.300000	-0.345632	-5.397132	0.000000	5.139397e+019	8.179851e-072
237.400000	-0.342863	-5.394363	0.000000	5.232459e+019	9.099136e-072
237.500000	-0.340104	-5.391604	0.000000	5.324052e+019	1.011747e-071
237.600000	-0.337357	-5.388857	0.000000	5.414121e+019	1.124495e-071
237.700000	-0.334622	-5.386122	0.000000	5.502616e+019	1.249263e-071
237.800000	-0.331897	-5.383397	0.000000	5.589487e+019	1.387260e-071
237.900000	-0.329185	-5.380685	0.000000	5.674687e+019	1.539808e-071
238.000000	-0.326484	-5.377984	0.000000	5.758173e+019	1.708349e-071
238.100000	-0.323796	-5.375296	0.000000	5.839902e+019	1.894460e-071
238.200000	-0.321119	-5.372619	0.000000	5.919836e+019	2.099859e-071
238.300000	-0.318455	-5.369955	0.000000	5.997937e+019	2.326418e-071
238.400000	-0.315804	-5.367304	0.000000	6.074171e+019	2.576177e-071
238.500000	-0.313165	-5.364665	0.000000	6.148507e+019	2.851354e-071
238.600000	-0.310540	-5.362040	0.000000	6.220915e+019	3.154364e-071
238.700000	-0.307927	-5.359427	0.000000	6.291368e+019	3.487827e-071
238.800000	-0.305327	-5.356827	0.000000	6.359842e+019	3.854588e-071
238.900000	-0.302741	-5.354241	0.000000	6.426312e+019	4.257737e-071
239.000000	-0.300168	-5.351668	0.000000	6.490760e+019	4.700617e-071
239.100000	-0.297609	-5.349109	0.000000	6.553168e+019	5.186854e-071
239.200000	-0.295063	-5.346563	0.000000	6.613519e+019	5.720370e-071
239.300000	-0.292531	-5.344031	0.000000	6.671800e+019	6.305404e-071
239.400000	-0.290014	-5.341514	0.000000	6.727999e+019	6.946539e-071
239.500000	-0.287510	-5.339010	0.000000	6.782107e+019	7.648722e-071
239.600000	-0.285021	-5.336521	0.000000	6.834115e+019	8.417286e-071
239.700000	-0.282545	-5.334045	0.000000	6.884020e+019	9.257983e-071
239.800000	-0.280085	-5.331585	0.000000	6.931816e+019	1.017701e-070
239.900000	-0.277638	-5.329138	0.000000	6.977502e+019	1.118102e-070
240.000000	-0.275207	-5.326707	0.000000	7.021078e+019	1.227718e-070
240.100000	-0.272790	-5.324290	0.000000	7.062546e+019	1.347319e-070
240.200000	-0.270388	-5.321888	0.000000	7.101909e+019	1.477731e-070
240.300000	-0.268000	-5.319500	0.000000	7.139173e+019	1.619840e-070
240.400000	-0.265628	-5.317128	0.000000	7.174343e+019	1.774595e-070
240.500000	-0.263271	-5.314771	0.000000	7.207429e+019	1.943012e-070
240.600000	-0.260928	-5.312428	0.000000	7.238440e+019	2.126179e-070
240.700000	-0.258601	-5.310101	0.000000	7.267387e+019	2.325258e-070
240.800000	-0.256289	-5.307789	0.000000	7.294284e+019	2.541489e-070
240.900000	-0.253993	-5.305493	0.000000	7.319143e+019	2.776198e-070
241.000000	-0.251711	-5.303211	0.000000	7.341980e+019	3.030796e-070
241.100000	-0.249445	-5.300945	0.000000	7.362812e+019	3.306787e-070
241.200000	-0.247195	-5.298695	0.000000	7.381656e+019	3.605774e-070
241.300000	-0.244960	-5.296460	0.000000	7.398532e+019	3.929457e-070
241.400000	-0.242740	-5.294240	0.000000	7.413458e+019	4.279648e-070
241.500000	-0.240536	-5.292036	0.000000	7.426457e+019	4.658267e-070
241.600000	-0.238348	-5.289848	0.000000	7.437549e+019	5.067352e-070
241.700000	-0.236175	-5.287675	0.000000	7.446758e+019	5.509063e-070
241.800000	-0.234017	-5.285517	0.000000	7.454107e+019	5.985688e-070
241.900000	-0.231875	-5.283375	0.000000	7.459621e+019	6.499648e-070
242.000000	-0.229749	-5.281249	0.000000	7.463325e+019	7.053502e-070
242.100000	-0.227639	-5.279139	0.000000	7.465245e+019	7.649955e-070
242.200000	-0.225544	-5.277044	0.000000	7.465408e+019	8.291860e-070
242.300000	-0.223464	-5.274964	0.000000	7.463842e+019	8.982228e-070
242.400000	-0.221401	-5.272901	0.000000	7.460574e+019	9.724230e-070
242.500000	-0.219353	-5.270853	0.000000	7.455632e+019	1.052121e-069
242.600000	-0.217320	-5.268820	0.000000	7.449047e+019	1.137667e-069
242.700000	-0.215303	-5.266803	0.000000	7.440846e+019	1.229432e-069
242.800000	-0.213302	-5.264802	0.000000	7.431061e+019	1.327804e-069
242.900000	-0.211316	-5.262816	0.000000	7.419722e+019	1.433188e-069
243.000000	-0.209346	-5.260846	0.000000	7.406858e+019	1.546013e-069
243.100000	-0.207391	-5.258891	0.000000	7.392502e+019	1.666727e-069
243.200000	-0.205452	-5.256952	0.000000	7.376685e+019	1.795796e-069
243.300000	-0.203528	-5.255028	0.000000	7.359437e+019	1.933712e-069
243.400000	-0.201620	-5.253120	0.000000	7.340791e+019	2.080987e-069
243.500000	-0.199727	-5.251227	0.000000	7.320778e+019	2.238156e-069
243.600000	-0.197849	-5.249349	0.000000	7.299431e+019	2.405777e-069
243.700000	-0.195986	-5.247486	0.000000	7.276781e+019	2.584432e-069
243.800000	-0.194139	-5.245639	0.000000	7.252861e+019	2.774729e-069
243.900000	-0.192307	-5.243807	0.000000	7.227703e+019	2.977299e-069
244.000000	-0.190490	-5.241990	0.000000	7.201339e+019	3.192800e-069
244.100000	-0.188688	-5.240188	0.000000	7.173801e+019	3.421915e-069
244.200000	-0.186902	-5.238402	0.000000	7.145122e+019	3.665354e-069
244.300000	-0.185130	-5.236630	0.000000	7.115333e+019	3.923854e-069
244.400000	-0.183373	-5.234873	0.000000	7.084467e+019	4.198180e-069
244.500000	-0.181631	-5.233131	0.000000	7.052555e+019	4.489124e-069
244.600000	-0.179903	-5.231403	0.000000	7.019629e+019	4.797507e-069
244.700000	-0.178190	-5.229690	0.000000	6.985721e+019	5.124178e-069
244.800000	-0.176492	-5.227992	0.000000	6.950863e+019	5.470016e-069
244.900000	-0.174809	-5.226309	0.000000	6.915084e+019	5.835930e-069
245.000000	-0.173140	-5.224640	0.000000	6.878417e+019	6.222856e-069
245.100000	-0.171485	-5.222985	0.000000	6.840892e+019	6.631764e-069
245.200000	-0.169845	-5.221345	0.000000	6.802539e+019	7.063650e-069
245.300000	-0.168218	-5.219718	0.000000	6.763389e+019	7.519544e-069
245.400000	-0.166606	-5.218106	0.000000	6.723472e+019	8.000505e-069
245.500000	-0.165009	-5.216509	0.000000	6.682816e+019	8.507624e-069
245.600000	-0.163425	-5.214925	0.000000	6.641453e+019	9.042022e-069
245.700000	-0.161855	-5.213355	0.000000	6.599410e+019	9.604851e-069
245.800000	-0.160298	-5.211798	0.000000	6.556716e+019	1.019730e-068
245.900000	-0.158756	-5.210256	0.000000	6.513400e+019	1.082057e-068
246.000000	-0.157227	-5.208727	0.000000	6.469489e+019	1.147593e-068
246.100000	-0.155712	-5.207212	0.000000	6.425011e+019	1.216464e-068
246.200000	-0.154210	-5.205710	0.000000	6.379993e+019	1.288801e-068
246.300000	-0.152721	-5.204221	0.000000	6.334462e+019	1.364739e-068
246.400000	-0.151246	-5.202746	0.000000	6.288444e+019	1.444415e-068
246.500000	-0.149784	-5.201284	0.000000	6.241965e+019	1.527969e-068
246.600000	-0.148335	-5.199835	0.000000	6.195051e+019	1.615544e-068
246.700000	-0.146899	-5.198399	0.000000	6.147727e+019	1.707287e-068
246.800000	-0.145476	-5.196976	0.000000	6.100018e+019	1.803347e-068
246.900000	-0.144065	-5.195565	0.000000	6.051948e+019	1.903878e-068
247.000000	-0.142667	-5.194167	0.000000	6.003540e+019	2.009033e-068
247.100000	-0.141282	-5.192782	0.000000	5.954819e+019	2.118972e-068
247.200000	-0.139909	-5.191409	0.000000	5.905807e+019	2.233857e-068
247.300000	-0.138549	-5.190049	0.000000	5.856527e+019	2.353851e-068
247.400000	-0.137201	-5.188701	0.000000	5.807000e+019	2.479122e-068
247.500000	-0.135865	-5.187365	0.000000	5.757250e+019	2.609839e-068
247.600000	-0.134541	-5.186041	0.000000	5.707296e+019	2.746176e-068
247.700000	-0.133229	-5.184729	0.000000	5.657160e+019	2.888308e-068
247.800000	-0.131929	-5.183429	0.000000	5.606861e+019	3.036413e-068
247.900000	-0.130640	-5.182140	0.000000	5.556421e+019	3.190673e-068
248.000000	-0.129364	-5.180864	0.000000	5.505858e+019	3.351270e-068
248.100000	-0.128098	-5.179598	0.000000	5.455191e+019	3.518391e-068
248.200000	-0.126844	-5.178344	0.000000	5.404439e+019	3.692225e-068
248.300000	-0.125602	-5.177102	0.000000	5.353620e+019	3.872962e-068
248.400000	-0.124371	-5.175871	0.000000	5.302752e+019	4.060796e-068
248.500000	-0.123150	-5.174650	0.000000	5.251851e+019	4.255924e-068
248.600000	-0.121941	-5.173441	0.000000	5.200935e+019	4.458542e-068
248.700000	-0.120743	-5.172243	0.000000	5.150021e+019	4.668851e-068
248.800000	-0.119555	-5.171055	0.000000	5.099123e+019	4.887055e-068
248.900000	-0.118378	-5.169878	0.000000	5.048258e+019	5.113358e-068
249.000000	-0.117212	-5.168712	0.000000	4.997441e+019	5.347967e-068
249.100000	-0.116056	-5.167556	0.000000	4.946686e+019	5.591090e-068
249.200000	-0.114910	-5.166410	0.000000	4.896007e+019	5.842939e-068
249.300000	-0.113775	-5.165275	0.000000	4.845420e+019	6.103727e-068
249.400000	-0.112650	-5.164150	0.000000	4.794936e+019	6.373669e-068
249.500000	-0.111535	-5.163035	0.000000	4.744569e+019	6.652980e-068
249.600000	-0.110430	-5.161930	0.000000	4.694331e+019	6.941881e-068
249.700000	-0.109334	-5.160834	0.000000	4.644236e+019	7.240590e-068
249.800000	-0.108248	-5.159748	0.000000	4.594294e+019	7.549331e-068
249.900000	-0.107172	-5.158672	0.000000	4.544518e+019	7.868326e-068
250.000000	-0.106106	-5.157606	0.000000	4.494918e+019	8.197801e-068
250.100000	-0.105049	-5.156549	0.000000	4.445505e+019	8.537982e-068
250.200000	-0.104001	-5.155501	0.000000	4.396290e+019	8.889100e-068
250.300000	-0.102962	-5.154462	0.000000	4.347282e+019	9.251382e-068
250.400000	-0.101933	-5.153433	0.000000	4.298491e+019	9.625061e-068
250.500000	-0.100912	-5.152412	0.000000	4.249927e+019	1.001037e-067
250.600000	-0.099901	-5.151401	0.000000	4.201598e+019	1.040754e-067
250.700000	-0.098898	-5.150398	0.000000	4.153513e+019	1.081681e-067
250.800000	-0.097904	-5.149404	0.000000	4.105681e+019	1.123842e-067
250.900000	-0.096918	-5.148418	0.000000	4.058108e+019	1.167261e-067
251.000000	-0.095941	-5.147441	0.000000	4.010804e+019	1.211961e-067
251.100000	-0.094972	-5.146472	0.000000	3.963775e+019	1.257966e-067
251.200000	-0.094012	-5.145512	0.000000	3.917028e+019	1.305302e-067
251.300000	-0.093060	-5.144560	0.000000	3.870570e+019	1.353991e-067
251.400000	-0.092116	-5.143616	0.000000	3.824408e+019	1.404060e-067
251.500000	-0.091180	-5.142680	0.000000	3.778547e+019	1.455531e-067
251.600000	-0.090251	-5.141751	0.000000	3.732993e+019	1.508431e-067
251.700000	-0.089331	-5.140831	0.000000	3.687752e+019	1.562784e-067
251.800000	-0.088418	-5.139918	0.000000	3.642829e+019	1.618614e-067
251.900000	-0.087513	-5.139013	0.000000	3.598229e+019	1.675948e-067
252.000000	-0.086616	-5.138116	0.000000	3.553957e+019	1.734810e-067
252.100000	-0.085726	-5.137226	0.000000	3.510017e+019	1.795226e-067
252.200000	-0.084843	-5.136343	0.000000	3.466413e+019	1.857222e-067
252.300000	-0.083968	-5.135468	0.000000	3.423150e+019	1.920822e-067
252.400000	-0.083099	-5.134599	0.000000	3.380231e+019	1.986052e-067
252.500000	-0.082238	-5.133738	0.000000	3.337660e+019	2.052940e-067
252.600000	-0.081384	-5.132884	0.000000	3.295439e+019	2.121510e-067
252.700000	-0.080537	-5.132037	0.000000	3.253572e+019	2.191789e-067
252.800000	-0.079696	-5.131196	0.000000	3.212062e+019	2.263803e-067
252.900000	-0.078862	-5.130362	0.000000	3.170912e+019	2.337579e-067
253.000000	-0.078035	-5.129535	0.000000	3.130123e+019	2.413143e-067
253.100000	-0.077214	-5.128714	0.000000	3.089698e+019	2.490523e-067
253.200000	-0.076400	-5.127900	0.000000	3.049639e+019	2.569744e-067
253.300000	-0.075592	-5.127092	0.000000	3.009947e+019	2.650835e-067
253.400000	-0.074791	-5.126291	0.000000	2.970625e+019	2.733822e-067
253.500000	-0.073996	-5.125496	0.000000	2.931673e+019	2.818734e-067
253.600000	-0.073207	-5.124707	0.000000	2.893093e+019	2.905597e-067
253.700000	-0.072424	-5.123924	0.000000	2.854886e+019	2.994439e-067
253.800000	-0.071646	-5.123146	0.000000	2.817053e+019	3.085289e-067
253.900000	-0.070875	-5.122375	0.000000	2.779594e+019	3.178174e-067
254.000000	-0.070110	-5.121610	0.000000	2.742511e+019	3.273124e-067
254.100000	-0.069350	-5.120850	0.000000	2.705803e+019	3.370166e-067
254.200000	-0.068596	-5.120096	0.000000	2.669471e+019	3.469330e-067
254.300000	-0.067848	-5.119348	0.000000	2.633514e+019	3.570644e-067
254.400000	-0.067105	-5.118605	0.000000	2.597934e+019	3.674138e-067
254.500000	-0.066367	-5.117867	0.000000	2.562730e+019	3.779841e-067
254.600000	-0.065635	-5.117135	0.000000	2.527900e+019	3.887784e-067
254.700000	-0.064909	-5.116409	0.000000	2.493446e+019	3.997995e-067
254.800000	-0.064187	-5.115687	0.000000	2.459367e+019	4.110506e-067
254.900000	-0.063471	-5.114971	0.000000	2.425661e+019	4.225346e-067
255.000000	-0.062759	-5.114259	0.000000	2.392328e+019	4.342547e-067
255.100000	-0.062053	-5.113553	0.000000	2.359368e+019	4.462140e-067
255.200000	-0.061351	-5.112851	0.000000	2.326778e+019	4.584155e-067
255.300000	-0.060655	-5.112155	0.000000	2.294559e+019	4.708625e-067
255.400000	-0.059963	-5.111463	0.000000	2.262708e+019	4.835582e-067
255.500000	-0.059276	-5.110776	0.000000	2.231225e+019	4.965058e-067
255.600000	-0.058594	-5.110094	0.000000	2.200108e+019	5.097085e-067
255.700000	-0.057916	-5.109416	0.000000	2.169356e+019	5.231696e-067
255.800000	-0.057243	-5.108743	0.000000	2.138967e+019	5.368924e-067
255.900000	-0.056574	-5.108074	0.000000	2.108939e+019	5.508804e-067
256.000000	-0.055910	-5.107410	0.000000	2.079271e+019	5.651369e-067
256.100000	-0.055250	-5.106750	0.000000	2.049961e+019	5.796653e-067
256.200000	-0.054594	-5.106094	0.000000	2.021007e+019	5.944691e-067
256.300000	-0.053943	-5.105443	0.000000	1.992407e+019	6.095518e-067
256.400000	-0.053296	-5.104796	0.000000	1.964159e+019	6.249169e-067
256.500000	-0.052652	-5.104152	0.000000	1.936261e+019	6.405681e-067
256.600000	-0.052013	-5.103513	0.000000	1.908710e+019	6.565090e-067
256.700000	-0.051378	-5.102878	0.000000	1.881506e+019	6.727432e-067
256.800000	-0.050747	-5.102247	0.000000	1.854644e+019	6.892745e-067
256.900000	-0.050120	-5.101620	0.000000	1.828124e+019	7.061066e-067
257.000000	-0.049496	-5.100996	0.000000	1.801942e+019	7.232433e-067
257.100000	-0.048877	-5.100377	0.000000	1.776097e+019	7.406884e-067
257.200000	-0.048261	-5.099761	0.000000	1.750585e+019	7.584460e-067
257.300000	-0.047648	-5.099148	0.000000	1.725405e+019	7.765198e-067
257.400000	-0.047040	-5.098540	0.000000	1.700553e+019	7.949139e-067
257.500000	-0.046434	-5.097934	0.000000	1.676027e+019	8.136324e-067
257.600000	-0.045833	-5.097333	0.000000	1.651825e+019	8.326793e-067
257.700000	-0.045235	-5.096735	0.000000	1.627944e+019	8.520588e-067
257.800000	-0.044640	-5.096140	0.000000	1.604382e+019	8.717752e-067
257.900000	-0.044048	-5.095548	0.000000	1.581134e+019	8.918326e-067
258.000000	-0.043460	-5.094960	0.000000	1.558200e+019	9.122353e-067
258.100000	-0.042875	-5.094375	0.000000	1.535575e+019	9.329878e-067
258.200000	-0.042294	-5.093794	0.000000	1.513258e+019	9.540945e-067
258.300000	-0.041715	-5.093215	0.000000	1.491245e+019	9.755598e-067
258.400000	-0.041140	-5.092640	0.000000	1.469534e+019	9.973884e-067
258.500000	-0.040568	-5.092068	0.000000	1.448121e+019	1.019585e-066
258.600000	-0.039998	-5.091498	0.000000	1.427004e+019	1.042154e-066
258.700000	-0.039432	-5.090932	0.000000	1.406181e+019	1.065100e-066
258.800000	-0.038869	-5.090369	0.000000	1.385647e+019	1.088428e-066
258.900000	-0.038308	-5.089808	0.000000	1.365401e+019	1.112143e-066
259.000000	-0.037751	-5.089251	0.000000	1.345439e+019	1.136250e-066
259.100000	-0.037196	-5.088696	0.000000	1.325758e+019	1.160753e-066
259.200000	-0.036644	-5.088144	0.000000	1.306356e+019	1.185659e-066
259.300000	-0.036095	-5.087595	0.000000	1.287230e+019	1.210972e-066
259.400000	-0.035548	-5.087048	0.000000	1.268376e+019	1.236697e-066
259.500000	-0.035005	-5.086505	0.000000	1.249791e+019	1.262839e-066
259.600000	-0.034463	-5.085963	0.000000	1.231474e+019	1.289405e-066
259.700000	-0.033925	-5.085425	0.000000	1.213420e+019	1.316398e-066
259.800000	-0.033388	-5.084888	0.000000	1.195627e+019	1.343826e-066
259.900000	-0.032855	-5.084355	0.000000	1.178092e+019	1.371693e-066
260.000000	-0.032324	-5.083824	0.000000	1.160812e+019	1.400005e-066
260.100000	-0.031795	-5.083295	0.000000	1.143784e+019	1.428769e-066
260.200000	-0.031268	-5.082768	0.000000	1.127005e+019	1.457988e-066
260.300000	-0.030744	-5.082244	0.000000	1.110473e+019	1.487671e-066
260.400000	-0.030223	-5.081723	0.000000	1.094184e+019	1.517822e-066
260.500000	-0.029703	-5.081203	0.000000	1.078135e+019	1.548448e-066
260.600000	-0.029186	-5.080686	0.000000	1.062323e+019	1.579554e-066
260.700000	-0.028671	-5.080171	0.000000	1.046747e+019	1.611148e-066
260.800000	-0.028159	-5.079659	0.000000	1.031402e+019	1.643236e-066
260.900000	-0.027648	-5.079148	0.000000	1.016286e+019	1.675823e-066
261.000000	-0.027140	-5.078640	0.000000	1.001396e+019	1.708916e-066
261.100000	-0.026633	-5.078133	0.000000	9.867292e+018	1.742523e-066
261.200000	-0.026129	-5.077629	0.000000	9.722828e+018	1.776650e-066
261.300000	-0.025627	-5.077127	0.000000	9.580541e+018	1.811303e-066
261.400000	-0.025127	-5.076627	0.000000	9.440402e+018	1.846490e-066
261.500000	-0.024628	-5.076128	0.000000	9.302383e+018	1.882217e-066
261.600000	-0.024132	-5.075632	0.000000	9.166456e+018	1.918492e-066
261.700000	-0.023638	-5.075138	0.000000	9.032595e+018	1.955321e-066
261.800000	-0.023145	-5.074645	0.000000	8.900772e+018	1.992713e-066
261.900000	-0.022654	-5.074154	0.000000	8.770960e+018	2.030674e-066
262.000000	-0.022166	-5.073666	0.000000	8.643131e+018	2.069213e-066
262.100000	-0.021679	-5.073179	0.000000	8.517260e+018	2.108336e-066
262.200000	-0.021193	-5.072693	0.000000	8.393320e+018	2.148052e-066
262.300000	-0.020710	-5.072210	0.000000	8.271284e+018	2.188368e-066
262.400000	-0.020228	-5.071728	0.000000	8.151127e+018	2.229292e-066
262.500000	-0.019748	-5.071248	0.000000	8.032821e+018	2.270832e-066
262.600000	-0.019270	-5.070770	0.000000	7.916343e+018	2.312997e-066
262.700000	-0.018793	-5.070293	0.000000	7.801666e+018	2.355795e-066
262.800000	-0.018318	-5.069818	0.000000	7.688764e+018	2.399234e-066
262.900000	-0.017845	-5.069345	0.000000	7.577614e+018	2.443323e-066
263.000000	-0.017373	-5.068873	0.000000	7.468189e+018	2.488071e-066
263.100000	-0.016902	-5.068402	0.000000	7.360465e+018	2.533485e-066
263.200000	-0.016434	-5.067934	0.000000	7.254419e+018	2.579576e-066
263.300000	-0.015966	-5.067466	0.000000	7.150025e+018	2.626352e-066
263.400000	-0.015501	-5.067001	0.000000	7.047260e+018	2.673822e-066
263.500000	-0.015036	-5.066536	0.000000	6.946100e+018	2.721996e-066
263.600000	-0.014574	-5.066074	0.000000	6.846522e+018	2.770883e-066
263.700000	-0.014112	-5.065612	0.000000	6.748502e+018	2.820492e-066
263.800000	-0.013652	-5.065152	0.000000	6.652017e+018	2.870834e-066
263.900000	-0.013194	-5.064694	0.000000	6.557044e+018	2.921917e-066
264.000000	-0.012737	-5.064237	0.000000	6.463562e+018	2.973753e-066
264.100000	-0.012281	-5.063781	0.000000	6.371547e+018	3.026351e-066
264.200000	-0.011826	-5.063326	0.000000	6.280977e+018	3.079721e-066
264.300000	-0.011373	-5.062873	0.000000	6.191832e+018	3.133874e-066
264.400000	-0.010921	-5.062421	0.000000	6.104088e+018	3.188821e-066
264.500000	-0.010470	-5.061970	0.000000	6.017725e+018	3.244571e-066
264.600000	-0.010021	-5.061521	0.000000	5.932722e+018	3.301136e-066
264.700000	-0.009573	-5.061073	0.000000	5.849057e+018	3.358527e-066
264.800000	-0.009126	-5.060626	0.000000	5.766710e+018	3.416755e-066
264.900000	-0.008680	-5.060180	0.000000	5.685661e+018	3.475831e-066
265.000000	-0.008236	-5.059736	0.000000	5.605890e+018	3.535766e-066
270.000000	0.012494	-5.039006	0.000000	2.885717e+018	7.847782e-066
275.000000	0.031714	-5.019786	0.000000	1.587218e+018	1.643590e-065
280.000000	0.050104	-5.001396	0.000000	9.035468e+017	3.334034e-065
285.000000	0.068021	-4.983479	0.000000	5.141560e+017	6.641268e-065
290.000000	0.085669	-4.965831	0.000000	2.870277e+017	1.309300e-064
295.000000	0.103167	-4.948333	0.000000	1.565085e+017	2.566368e-064
300.000000	0.120583	-4.930917	0.000000	8.361562e+016	5.014541e-064
305.000000	0.137956	-4.913544	0.000000	4.400917e+016	9.781664e-064
310.000000	0.155305	-4.896195	0.000000	2.293692e+016	1.906381e-063
315.000000	0.172642	-4.878858	0.000000	1.188303e+016	3.713696e-063
320.000000	0.189973	-4.861527	0.000000	6.134760e+015	7.232676e-063
325.000000	0.207301	-4.844199	0.000000	3.160689e+015	1.408439e-062
330.000000	0.224628	-4.826872	0.000000	1.626440e+015	2.742519e-062
335.000000	0.241953	-4.809547	0.000000	8.363147e+014	5.340069e-062
340.000000	0.259278	-4.792222	0.000000	4.298316e+014	1.039769e-061
345.000000	0.276603	-4.774897	0.000000	2.208514e+014	2.024525e-061
350.000000	0.293927	-4.757573	0.000000	1.134551e+014	3.941916e-061
355.000000	0.311252	-4.740248	0.000000	5.827758e+013	7.675217e-061
360.000000	0.328577	-4.722923	0.000000	2.993314e+013	1.494423e-060
365.000000	0.345901	-4.705599	0.000000	1.537403e+013	2.909752e-060
370.000000	0.363226	-4.688274	0.000000	7.896144e+012	5.665502e-060
375.000000	0.380550	-4.670950	0.000000	4.055439e+012	1.103115e-059
380.000000	0.397875	-4.653625	0.000000	2.082852e+012	2.147845e-059
385.000000	0.415199	-4.636301	0.000000	1.069738e+012	4.182012e-059
390.000000	0.432524	-4.618976	0.000000	5.494093e+011	8.142682e-059
395.000000	0.449848	-4.601652	0.000000	2.821722e+011	1.585440e-058
400.000000	0.467173	-4.584327	0.000000	1.449213e+011	3.086967e-058
405.000000	0.484497	-4.567003	0.000000	7.443036e+010	6.010551e-058
410.000000	0.501822	-4.549678	0.000000	3.822681e+010	1.170298e-057
415.000000	0.519146	-4.532354	0.000000	1.963296e+010	2.278656e-057
420.000000	0.536471	-4.515029	0.000000	1.008332e+010	4.436710e-057
425.000000	0.553795	-4.497705	0.000000	5.178710e+009	8.638598e-057
430.000000	0.571120	-4.480380	0.000000	2.659741e+009	1.681998e-056
435.000000	0.588444	-4.463056	0.000000	1.366021e+009	3.274973e-056
440.000000	0.605769	-4.445731	0.000000	7.015773e+008	6.376612e-056
445.000000	0.623093	-4.428407	0.000000	3.603242e+008	1.241573e-055
450.000000	0.640418	-4.411082	0.000000	1.850597e+008	2.417433e-055
455.000000	0.657742	-4.393758	0.000000	9.504554e+007	4.706919e-055
460.000000	0.675067	-4.376433	0.000000	4.881501e+007	9.164715e-055
465.000000	0.692391	-4.359109	0.000000	2.507099e+007	1.784437e-054
470.000000	0.709716	-4.341784	0.000000	1.287604e+007	3.474429e-054
475.000000	0.727040	-4.324460	0.000000	6.612989e+006	6.764968e-054
480.000000	0.744365	-4.307135	0.000000	3.396550e+006	1.317189e-053
485.000000	0.761689	-4.289811	0.000000	1.744556e+006	2.564662e-053
490.000000	0.779014	-4.272486	0.000000	8.958794e+005	4.993585e-053
495.000000	0.796338	-4.255162	0.000000	4.599017e+005	9.722875e-053
500.000000	0.813663	-4.237837	0.000000	2.361033e+005	1.893115e-052
505.000000	0.830987	-4.220513	0.000000	1.213559e+005	3.686033e-052
510.000000	0.848312	-4.203188	0.000000	6.251810e+004	7.176975e-052
515.000000	0.865636	-4.185864	0.000000	3.224991e+004	1.397410e-051
520.000000	0.882961	-4.168539	0.000000	1.657933e+004	2.720858e-051
525.000000	0.900285	-4.151215	0.000000	8.420599e+003	5.297710e-051
530.000000	0.917610	-4.133890	0.000000	4.179482e+003	1.031503e-050
535.000000	0.934934	-4.116566	0.000000	2.005651e+003	2.008411e-050
540.000000	0.952259	-4.099241	0.000000	9.223991e+002	3.910524e-050
545.000000	0.969583	-4.081917	0.000000	4.040063e+002	7.614076e-050
550.000000	0.986908	-4.064592	0.000000	1.678670e+002	1.482516e-049
555.000000	1.004232	-4.047268	0.000000	6.603363e+001	2.886567e-049
560.000000	1.021557	-4.029943	0.000000	2.457440e+001	5.620357e-049
565.000000	1.038881	-4.012619	0.000000	8.653728e+000	1.094325e-048
570.000000	1.056206	-3.995294	0.000000	2.885737e+000	2.130730e-048
575.000000	1.073530	-3.977970	0.000000	9.122672e-001	4.148687e-048
580.000000	1.090855	-3.960645	0.000000	2.737535e-001	8.077797e-048
585.000000	1.108179	-3.943321	0.000000	7.808529e-002	1.572806e-047
590.000000	1.125504	-3.925996	0.000000	2.120130e-002	3.062368e-047
595.000000	1.142828	-3.908672	0.000000	5.487140e-003	5.962655e-047
600.000000	1.160153	-3.891347	0.000000	1.355538e-003	1.160972e-046
605.000000	1.177477	-3.874023	0.000000	3.200595e-004	2.260498e-046
610.000000	1.194802	-3.856698	0.000000	7.231856e-005	4.401355e-046
615.000000	1.212127	-3.839373	0.000000	1.565637e-005	8.569760e-046
620.000000	1.229451	-3.822049	0.000000	3.251256e-006	1.668595e-045
625.000000	1.246776	-3.804724	0.000000	6.483389e-007	3.248876e-045
630.000000	1.264100	-3.787400	0.000000	1.242774e-007	6.325799e-045
635.000000	1.281425	-3.770075	0.000000	2.292169e-008	1.231679e-044
640.000000	1.298749	-3.752751	0.000000	4.071646e-009	2.398170e-044
645.000000	1.316074	-3.735426	0.000000	6.971820e-010	4.669411e-044
650.000000	1.333398	-3.718102	0.000000	1.151703e-010	9.091685e-044
655.000000	1.350723	-3.700777	0.000000	1.836961e-011	1.770218e-043
660.000000	1.368047	-3.683453	0.000000	2.831108e-012	3.446743e-043
665.000000	1.385372	-3.666128	0.000000	4.219151e-013	6.711060e-043
670.000000	1.402696	-3.648804	0.000000	6.084253e-014	1.306692e-042
675.000000	1.420021	-3.631479	0.000000	8.495537e-015	2.544226e-042
680.000000	1.437345	-3.614155	0.000000	1.149346e-015	4.953793e-042
685.000000	1.454670	-3.596830	0.000000	1.507478e-016	9.645397e-042
690.000000	1.471994	-3.579506	0.000000	1.917978e-017	1.878029e-041
695.000000	1.489319	-3.562181	0.000000	2.368486e-018	3.656660e-041
700.000000	1.506643	-3.544857	0.000000	2.840303e-019	7.119785e-041
705.000000	1.523968	-3.527532	0.000000	3.309396e-020	1.386274e-040
710.000000	1.541292	-3.510208	0.000000	3.748328e-021	2.699177e-040
715.000000	1.558617	-3.492883	0.000000	4.128932e-022	5.255495e-040
720.000000	1.575941	-3.475559	0.000000	4.425356e-023	1.023283e-039
725.000000	1.593266	-3.458234	0.000000	4.617010e-024	1.992407e-039
730.000000	1.610590	-3.440910	0.000000	4.690948e-025	3.879362e-039
735.000000	1.627915	-3.423585	0.000000	4.643292e-026	7.553402e-039
740.000000	1.645239	-3.406261	0.000000	4.479502e-027	1.470703e-038
745.000000	1.662564	-3.388936	0.000000	4.213455e-028	2.863565e-038
750.000000	1.679888	-3.371612	0.000000	3.865568e-029	5.575571e-038
755.000000	1.697213	-3.354287	0.000000	3.460276e-030	1.085604e-037
760.000000	1.714537	-3.336963	0.000000	3.023304e-031	2.113751e-037
765.000000	1.731862	-3.319638	0.000000	2.579129e-032	4.115628e-037
770.000000	1.749186	-3.302314	0.000000	2.148951e-033	8.013428e-037
775.000000	1.766511	-3.284989	0.000000	1.749363e-034	1.560273e-036
780.000000	1.783835	-3.267665	0.000000	1.391770e-035	3.037965e-036
785.000000	1.801160	-3.250340	0.000000	1.082477e-036	5.915141e-036
790.000000	1.818484	-3.233016	0.000000	8.233034e-038	1.151721e-035
795.000000	1.835809	-3.215691	0.000000	6.125110e-039	2.242485e-035
800.000000	1.853133	-3.198367	0.000000	4.458615e-040	4.366282e-035
805.000000	1.870458	-3.181042	0.000000	3.176394e-041	8.501471e-035
810.000000	1.887782	-3.163718	0.000000	2.215286e-042	1.655299e-034
815.000000	1.905107	-3.146393	0.000000	1.512853e-043	3.222987e-034
820.000000	1.922431	-3.129069	0.000000	1.011911e-044	6.275391e-034
825.000000	1.939756	-3.111744	0.000000	6.630874e-046	1.221865e-033
830.000000	1.957080	-3.094420	0.000000	4.257790e-047	2.379060e-033
835.000000	1.974405	-3.077095	0.000000	2.679675e-048	4.632203e-033
840.000000	1.991729	-3.059771	0.000000	1.653337e-049	9.019237e-033
845.000000	2.009054	-3.042446	0.000000	1.000268e-050	1.756111e-032
850.000000	2.026378	-3.025122	0.000000	5.935261e-052	3.419277e-032
855.000000	2.043703	-3.007797	0.000000	3.454792e-053	6.657582e-032
860.000000	2.061027	-2.990473	0.000000	1.973108e-054	1.296280e-031
865.000000	2.078352	-2.973148	0.000000	1.105892e-055	2.523952e-031
870.000000	2.095676	-2.955824	0.000000	6.084034e-057	4.914318e-031
875.000000	2.113001	-2.938499	0.000000	3.286020e-058	9.568537e-031
880.000000	2.130325	-2.921175	0.000000	1.742725e-059	1.863064e-030
885.000000	2.147650	-2.903850	0.000000	9.077091e-061	3.627522e-030
890.000000	2.164974	-2.886526	0.000000	4.644088e-062	7.063050e-030
895.000000	2.182299	-2.869201	0.000000	2.334351e-063	1.375227e-029
900.000000	2.199623	-2.851877	0.000000	1.152969e-064	2.677668e-029
905.000000	2.216948	-2.834552	0.000000	5.596633e-066	5.213616e-029
910.000000	2.234273	-2.817227	0.000000	2.670335e-067	1.015129e-028
915.000000	2.251597	-2.799903	0.000000	1.252580e-068	1.976531e-028
920.000000	2.268922	-2.782578	0.000000	5.777030e-070	3.848449e-028
925.000000	2.286246	-2.765254	0.000000	2.620261e-071	7.493212e-028
930.000000	2.303571	-2.747929	0.000000	1.168909e-072	1.458983e-027
935.000000	2.320895	-2.730605	0.000000	5.129550e-074	2.840747e-027
940.000000	2.338220	-2.713280	0.000000	2.214682e-075	5.531141e-027
945.000000	2.355544	-2.695956	0.000000	9.408514e-077	1.076954e-026
950.000000	2.372869	-2.678631	0.000000	3.933541e-078	2.096907e-026
955.000000	2.390193	-2.661307	0.000000	1.618711e-079	4.082832e-026
960.000000	2.407518	-2.643982	0.000000	6.556935e-081	7.949572e-026
965.000000	2.424842	-2.626658	0.000000	2.615274e-082	1.547840e-025
970.000000	2.442167	-2.609333	0.000000	1.027012e-083	3.013757e-025
975.000000	2.459491	-2.592009	0.000000	3.969792e-085	5.868005e-025
980.000000	2.476816	-2.574684	0.000000	1.512053e-086	1.142544e-024
985.000000	2.494140	-2.557360	0.000000	5.677599e-088	2.224616e-024
990.000000	2.511465	-2.540035	0.000000	2.097090e-089	4.331489e-024
995.000000	2.528789	-2.522711	0.000000	7.609458e-091	8.433726e-024
1000.000000	2.546114	-2.505386	0.000000	2.741261e-092	1.642108e-023
1005.000000	2.563438	-2.488062	0.000000	9.690411e-094	3.197304e-023
1010.000000	2.580763	-2.470737	0.000000	3.362650e-095	6.225385e-023
1015.000000	2.598087	-2.453413	0.000000	1.172015e-096	1.212128e-022
1020.000000	2.615412	-2.436088	0.000000	3.959406e-098	2.360102e-022
1025.000000	2.632736	-2.418764	0.000000	1.321074e-099	4.595291e-022
1030.000000	2.650061	-2.401439	0.000000	4.323061e-101	8.947366e-022
1035.000000	2.667385	-2.384115	0.000000	1.077050e-102	1.742118e-021
1040.000000	2.684710	-2.366790	0.000000	4.352428e-104	3.392030e-021
1045.000000	2.702034	-2.349466	0.000000	1.426427e-105	6.604531e-021
1050.000000	2.719359	-2.332141	0.000000	4.966273e-107	1.285950e-020
1055.000000	2.736683	-2.314817	0.000000	2.112850e-108	2.503839e-020
1060.000000	2.754008	-2.297492	0.000000	4.061312e-110	4.875158e-020
1065.000000	2.771332	-2.280168	0.000000	1.310286e-110	9.492289e-020
1070.000000	2.788657	-2.262843	0.000000	2.233246e-112	1.848218e-019
1075.000000	2.805981	-2.245519	0.000000	1.070731e-114	3.598616e-019
1080.000000	2.823306	-2.228194	0.000000	1.983556e-115	7.006767e-019
1085.000000	2.840630	-2.210870	0.000000	1.481753e-116	1.364269e-018
1090.000000	2.857955	-2.193545	0.000000	3.124298e-118	2.656331e-018
1095.000000	2.875279	-2.176221	0.000000	7.018788e-119	5.172071e-018
1100.000000	2.892604	-2.158896	0.000000	1.987785e-120	1.007040e-017
1105.000000	2.909928	-2.141572	0.000000	3.082145e-121	1.960780e-017
1110.000000	2.927253	-2.124247	0.000000	2.037390e-125	3.817783e-017
1115.000000	2.944577	-2.106923	0.000000	8.517775e-127	7.433502e-017
1120.000000	2.961902	-2.089598	0.000000	4.438962e-127	1.447357e-016
1125.000000	2.979226	-2.072274	0.000000	3.832710e-127	2.818110e-016
1130.000000	2.996551	-2.054949	0.000000	5.606556e-130	5.487066e-016
1135.000000	3.013875	-2.037625	0.000000	4.407358e-129	1.068372e-015
1140.000000	3.031200	-2.020300	0.000000	2.467703e-130	2.080198e-015
1145.000000	3.048524	-2.002976	0.000000	1.672710e-132	4.050297e-015
1150.000000	3.065849	-1.985651	0.000000	5.616461e-136	7.886225e-015
1155.000000	3.083173	-1.968327	0.000000	1.613926e-134	1.535506e-014
1160.000000	3.100498	-1.951002	0.000000	7.517991e-136	2.989742e-014
1165.000000	3.117822	-1.933678	0.000000	7.881775e-140	5.821245e-014
1170.000000	3.135147	-1.916353	0.000000	6.242831e-140	1.133439e-013
1175.000000	3.152471	-1.899029	0.000000	2.908277e-140	2.206889e-013
1180.000000	3.169796	-1.881704	0.000000	5.420835e-142	4.296973e-013
1185.000000	3.187120	-1.864380	0.000000	1.864638e-145	8.366521e-013
1190.000000	3.204445	-1.847055	0.000000	3.150499e-144	1.629023e-012
1195.000000	3.221769	-1.829731	0.000000	3.008955e-147	3.171826e-012
1200.000000	3.239094	-1.812406	0.000000	1.106351e-147	6.175778e-012
1205.000000	3.256419	-1.795081	0.000000	8.742795e-152	1.202469e-011
1210.000000	3.273743	-1.777757	0.000000	1.828624e-150	2.341295e-011
1215.000000	3.291068	-1.760432	0.000000	1.420031e-151	4.558672e-011
1220.000000	3.308392	-1.743108	0.000000	2.886368e-154	8.876068e-011
1225.000000	3.325717	-1.725783	0.000000	2.662721e-154	1.728235e-010
1230.000000	3.343041	-1.708459	0.000000	5.166842e-156	3.365001e-010
1235.000000	3.360366	-1.691134	0.000000	3.794623e-158	6.551902e-010
1240.000000	3.377690	-1.673810	0.000000	1.315713e-159	1.275703e-009
1245.000000	3.395015	-1.656485	0.000000	8.929970e-161	2.483887e-009
1250.000000	3.412339	-1.639161	0.000000	3.529358e-162	4.836310e-009
1255.000000	3.429664	-1.621836	0.000000	3.062382e-163	9.416649e-009
1260.000000	3.446988	-1.604512	0.000000	2.845511e-166	1.833490e-008
1265.000000	3.464313	-1.587187	0.000000	1.264040e-166	3.569940e-008
1270.000000	3.481637	-1.569863	0.000000	2.119421e-168	6.950933e-008
1275.000000	3.498962	-1.552538	0.000000	2.606200e-171	1.353397e-007
1280.000000	3.516286	-1.535214	0.000000	1.845144e-171	2.635164e-007
1285.000000	3.533611	-1.517889	0.000000	2.282687e-174	5.130856e-007
1290.000000	3.550935	-1.500565	0.000000	3.504782e-174	9.990152e-007
1295.000000	3.568260	-1.483240	0.000000	4.033635e-177	1.945156e-006
1300.000000	3.585584	-1.465916	0.000000	1.079987e-179	3.787360e-006
1305.000000	3.602909	-1.448591	0.000000	4.079723e-179	7.374267e-006
1310.000000	3.620233	-1.431267	0.000000	1.690889e-182	1.435824e-005
1315.000000	3.637558	-1.413942	0.000000	6.745301e-182	2.795654e-005
1320.000000	3.654882	-1.396618	0.000000	2.034475e-183	5.443342e-005
1325.000000	3.672207	-1.379293	0.000000	7.537855e-185	1.059858e-004
1330.000000	3.689531	-1.361969	0.000000	5.107547e-190	2.063622e-004
1335.000000	3.706856	-1.344644	0.000000	5.223159e-189	4.018022e-004
1340.000000	3.724180	-1.327320	0.000000	1.324590e-189	7.823383e-004
1345.000000	3.741505	-1.309995	0.000000	8.449572e-193	1.523270e-003
1350.000000	3.758829	-1.292671	0.000000	8.721814e-195	2.965918e-003
1355.000000	3.776154	-1.275346	0.000000	2.013656e-195	5.774858e-003
1360.000000	3.793478	-1.258022	0.000000	1.413077e-193	1.124407e-002
1365.000000	3.810803	-1.240697	0.000000	1.078510e-195	2.189303e-002
1370.000000	3.828127	-1.223373	0.000000	3.407217e-199	4.262732e-002
1375.000000	3.845452	-1.206048	0.000000	3.928110e-198	8.299851e-002
1380.000000	3.862776	-1.188724	0.000000	1.053488e-200	1.616042e-001
1385.000000	3.880101	-1.171399	0.000000	5.806162e-202	3.146551e-001
1390.000000	3.897425	-1.154075	0.000000	2.253267e-201	6.126565e-001
1395.000000	3.914750	-1.136750	0.000000	3.329906e-204	1.192887e+000
1400.000000	3.932074	-1.119426	0.000000	3.027559e-203	2.322638e+000
1405.000000	3.949399	-1.102101	0.000000	8.039854e-208	4.522346e+000
1410.000000	3.966723	-1.084777	0.000000	2.364674e-208	8.805338e+000
1415.000000	3.984048	-1.067452	0.000000	5.686061e-208	1.714464e+001
1420.000000	4.001372	-1.050128	0.000000	7.133937e-212	3.338186e+001
1425.000000	4.018697	-1.032803	0.000000	5.131331e-212	6.499692e+001
1430.000000	4.036021	-1.015479	0.000000	7.951245e-212	1.265538e+002
1435.000000	4.053346	-0.998154	0.000000	2.424960e-214	2.464094e+002
1440.000000	4.070670	-0.980830	0.000000	9.656039e-215	4.797771e+002
1445.000000	4.087995	-0.963505	0.000000	5.335919e-216	9.341611e+002
1450.000000	4.105319	-0.946181	0.000000	1.886053e-218	1.818880e+003
1455.000000	4.122644	-0.928856	0.000000	4.760861e-219	3.541492e+003
1460.000000	4.139968	-0.911532	0.000000	1.707628e-221	6.895544e+003
1465.000000	4.157293	-0.894207	0.000000	2.423466e-222	1.342613e+004
1470.000000	4.174617	-0.876883	0.000000	9.501735e-225	2.614165e+004
1475.000000	4.191942	-0.859558	0.000000	4.489486e-225	5.089971e+004
1480.000000	4.209266	-0.842234	0.000000	2.783499e-227	9.910545e+004
1485.000000	4.226591	-0.824909	0.000000	9.996764e-226	1.929655e+005
1490.000000	4.243915	-0.807585	0.000000	2.975827e-227	3.757180e+005
1495.000000	4.261240	-0.790260	0.000000	3.692906e-229	7.315504e+005
1500.000000	4.278565	-0.772935	0.000000	1.468443e-230	1.424382e+006
1505.000000	4.295889	-0.755611	0.000000	5.697271e-232	2.773376e+006
1510.000000	4.313214	-0.738286	0.000000	4.239544e-235	5.399966e+006
1515.000000	4.330538	-0.720962	0.000000	2.790138e-237	1.051413e+007
1520.000000	4.347863	-0.703637	0.000000	4.077424e-235	2.047178e+007
1525.000000	4.365187	-0.686313	0.000000	2.169639e-238	3.986004e+007
1530.000000	4.382512	-0.668988	0.000000	3.101955e-238	7.761041e+007
1535.000000	4.399836	-0.651664	0.000000	5.180934e-242	1.511131e+008
1540.000000	4.417161	-0.634339	0.000000	2.670875e-242	2.942283e+008
1545.000000	4.434485	-0.617015	0.000000	9.353849e-243	5.728841e+008
1550.000000	4.451810	-0.599690	0.000000	6.764894e-243	1.115447e+009
1555.000000	4.469134	-0.582366	0.000000	4.701471e-244	2.171857e+009
1560.000000	4.486459	-0.565041	0.000000	8.073368e-245	4.228764e+009
1565.000000	4.503783	-0.547717	0.000000	4.473026e-247	8.233713e+009
1570.000000	4.521108	-0.530392	0.000000	1.723842e-250	1.603164e+010
1575.000000	4.538432	-0.513068	0.000000	1.897280e-249	3.121478e+010
1580.000000	4.555757	-0.495743	0.000000	2.830900e-252	6.077745e+010
1585.000000	4.573081	-0.478419	0.000000	7.147916e-253	1.183381e+011
1590.000000	4.590406	-0.461094	0.000000	6.252964e-254	2.304130e+011
1595.000000	4.607730	-0.443770	0.000000	8.887760e-256	4.486309e+011
1600.000000	4.625055	-0.426445	0.000000	1.249305e-256	8.735172e+011
1605.000000	4.642379	-0.409121	0.000000	5.241355e-261	1.700802e+012
1610.000000	4.659704	-0.391796	0.000000	1.017837e-264	3.311586e+012
1615.000000	4.677028	-0.374472	0.000000	1.174661e-263	6.447901e+012
1620.000000	4.694353	-0.357147	0.000000	1.939490e-262	1.255454e+013
1625.000000	4.711677	-0.339823	0.000000	8.276829e-268	2.444461e+013
1630.000000	4.729002	-0.322498	0.000000	1.637300e-268	4.759550e+013
1635.000000	4.746326	-0.305174	0.000000	3.075315e-266	9.267209e+013
1640.000000	4.763651	-0.287849	0.000000	5.301875e-267	1.804400e+014
1645.000000	4.780976	-0.270524	0.000000	3.646208e-269	3.513325e+014
1650.000000	4.798301	-0.253199	0.000000	2.619600e-271	6.840800e+014
1655.000000	4.815626	-0.235874	0.000000	1.784877e-273	1.331992e+015
1660.000000	4.832952	-0.218548	0.000000	4.105442e-272	2.593628e+015
1665.000000	4.850279	-0.201221	0.000000	9.104091e-276	5.050524e+015
1670.000000	4.867609	-0.183891	0.000000	1.338781e-275	9.835794e+015
1675.000000	4.884944	-0.166556	0.000000	1.360135e-276	1.915880e+016
1680.000000	4.902289	-0.149211	0.000000	6.898308e-279	3.733315e+016
1685.000000	4.919654	-0.131846	0.000000	4.489113e-280	7.280266e+016
1690.000000	4.937057	-0.114443	0.000000	1.291997e-281	1.421792e+017
1695.000000	4.954534	-0.096966	0.000000	4.622278e-283	2.784627e+017
1700.000000	4.972156	-0.079344	0.000000	2.073463e-283	5.484427e+017
1705.000000	4.990066	-0.061434	0.000000	9.378373e-286	1.092164e+018
1710.000000	5.008547	-0.042953	0.000000	1.513538e-288	2.223248e+018
1715.000000	5.028191	-0.023309	0.000000	4.222055e-288	4.732762e+018
1720.000000	5.050311	-0.001189	0.000000	3.324423e-289	1.108145e+019
1725.000000	5.078228	0.026728	0.000000	1.021571e-289	3.242712e+019
1730.000000	5.123108	0.071608	0.000000	7.000771e-291	1.822090e+020
1735.000000	5.781247	-0.049953	0.000000	1.016127e-293	1.698493e+018
1745.000000	5.721766	-0.109434	0.000000	1.239130e-295	1.723888e+017
1755.000000	5.662649	-0.168551	0.000000	1.658661e-300	1.774371e+016
1765.000000	5.603570	-0.227630	0.000000	9.680334e-301	1.828971e+015
1775.000000	5.544494	-0.286706	0.000000	1.406520e-304	1.885532e+014
1785.000000	5.485420	-0.345780	0.000000	2.673951e-308	1.943871e+013
1795.000000	5.426345	-0.404855	0.000000	1.219320e-309	2.004019e+012
1805.000000	5.367270	-0.463930	0.000000	8.566519e-317	2.066028e+011
1815.000000	5.308195	-0.523005	0.000000	9.038654e-317	2.129955e+010
1825.000000	5.249120	-0.582080	0.000000	2.681047e-319	2.195861e+009
1835.000000	5.190045	-0.641155	0.000000	9.881313e-324	2.263806e+008
1845.000000	5.130970	-0.700230	0.000000	0.000000e+000	2.333854e+007
1855.000000	5.071895	-0.759305	0.000000	0.000000e+000	2.406069e+006
1865.000000	5.012820	-0.818380	0.000000	0.000000e+000	2.480518e+005
1875.000000	4.953745	-0.877455	0.000000	0.000000e+000	2.557271e+004
1885.000000	4.894670	-0.936530	0.000000	0.000000e+000	2.636399e+003
1895.000000	4.835596	-0.995604	0.000000	0.000000e+000	2.717975e+002
1905.000000	4.776521	-1.054679	0.000000	0.000000e+000	2.802076e+001
1915.000000	4.717446	-1.113754	0.000000	0.000000e+000	2.888779e+000
1925.000000	4.658371	-1.172829	0.000000	0.000000e+000	2.978164e-001
1935.000000	4.599296	-1.231904	0.000000	0.000000e+000	3.070316e-002
1945.000000	4.540221	-1.290979	0.000000	0.000000e+000	3.165319e-003
1955.000000	4.481146	-1.350054	0.000000	0.000000e+000	3.263261e-004
1965.000000	4.422071	-1.409129	0.000000	0.000000e+000	3.364234e-005
1975.000000	4.362996	-1.468204	0.000000	0.000000e+000	3.468331e-006
1985.000000	4.303921	-1.527279	0.000000	0.000000e+000	3.575649e-007
1995.000000	4.244846	-1.586354	0.000000	0.000000e+000	3.686288e-008
2005.000000	4.185772	-1.645428	0.000000	0.000000e+000	3.800351e-009
2015.000000	4.126697	-1.704503	0.000000	0.000000e+000	3.917943e-010
2025.000000	4.067622	-1.763578	0.000000	0.000000e+000	4.039173e-011
2035.000000	4.008547	-1.822653	0.000000	0.000000e+000	4.164154e-012
2045.000000	3.949472	-1.881728	0.000000	0.000000e+000	4.293003e-013
2055.000000	3.890397	-1.940803	0.000000	0.000000e+000	4.425839e-014
2065.000000	3.831322	-1.999878	0.000000	0.000000e+000	4.562785e-015
2075.000000	3.772247	-2.058953	0.000000	0.000000e+000	4.703968e-016
2085.000000	3.713172	-2.118028	0.000000	0.000000e+000	4.849520e-017
2095.000000	3.654097	-2.177103	0.000000	0.000000e+000	4.999575e-018
2105.000000	3.595022	-2.236178	0.000000	0.000000e+000	5.154274e-019
2115.000000	3.535948	-2.295252	0.000000	0.000000e+000	5.313759e-020
2125.000000	3.476873	-2.354327	0.000000	0.000000e+000	5.478179e-021
2135.000000	3.417798	-2.413402	0.000000	0.000000e+000	5.647687e-022
2145.000000	3.358723	-2.472477	0.000000	0.000000e+000	5.822440e-023
2155.000000	3.299648	-2.531552	0.000000	0.000000e+000	6.002600e-024
2165.000000	3.240573	-2.590627	0.000000	0.000000e+000	6.188334e-025
2175.000000	3.181498	-2.649702	0.000000	0.000000e+000	6.379816e-026
2185.000000	3.122423	-2.708777	0.000000	0.000000e+000	6.577222e-027
2195.000000	3.063348	-2.767852	0.000000	0.000000e+000	6.780737e-028
2205.000000	3.004273	-2.826927	0.000000	0.000000e+000	6.990549e-029
2215.000000	2.945199	-2.886001	0.000000	0.000000e+000	7.206853e-030
2225.000000	2.886124	-2.945076	0.000000	0.000000e+000	7.429850e-031
2235.000000	2.827049	-3.004151	0.000000	0.000000e+000	7.659747e-032
2245.000000	2.767974	-3.063226	0.000000	0.000000e+000	7.896757e-033
2255.000000	2.708899	-3.122301	0.000000	0.000000e+000	8.141102e-034
2265.000000	2.649824	-3.181376	0.000000	0.000000e+000	8.393006e-035
2275.000000	2.590749	-3.240451	0.000000	0.000000e+000	8.652706e-036
2285.000000	2.531674	-3.299526	0.000000	0.000000e+000	8.920441e-037
2295.000000	2.472599	-3.358601	0.000000	0.000000e+000	9.196460e-038
2305.000000	2.413524	-3.417676	0.000000	0.000000e+000	9.481020e-039
2315.000000	2.354449	-3.476751	0.000000	0.000000e+000	9.774385e-040
2325.000000	2.295375	-3.535825	0.000000	0.000000e+000	1.007683e-040
2335.000000	2.236300	-3.594900	0.000000	0.000000e+000	1.038863e-041
2345.000000	2.177225	-3.653975	0.000000	0.000000e+000	1.071008e-042
2355.000000	2.118150	-3.713050	0.000000	0.000000e+000	1.104147e-043
2365.000000	2.059075	-3.772125	0.000000	0.000000e+000	1.138312e-044
2375.000000	2.000000	-3.831200	0.000000	0.000000e+000	1.173534e-045
