x	Ec	Ev	Ef	n	p
0.000000	2.500000	-3.223500	0.000000	9.892527e-006	1.660711e-035
5.000000	2.383168	-3.340332	0.000000	7.311322e-006	1.856814e-037
10.000000	2.269503	-3.453997	0.000000	2.771174e-006	2.345098e-039
15.000000	2.159007	-3.564493	0.000000	4.569943e-007	3.345583e-041
20.000000	2.051679	-3.671821	0.000000	2.783954e-006	5.391390e-043
25.000000	1.947519	-3.775981	0.000000	1.083916e-005	9.814043e-045
30.000000	1.846527	-3.876973	0.000000	2.762116e-005	2.017964e-046
35.000000	1.748703	-3.974797	0.000000	3.598637e-005	4.687022e-048
40.000000	1.654047	-4.069453	0.000000	2.801875e-004	1.229699e-049
45.000000	1.562559	-4.160941	0.000000	3.927545e-003	3.644341e-051
50.000000	1.474239	-4.249261	0.000000	5.318658e-002	1.219993e-052
55.000000	1.389087	-4.334413	0.000000	6.489553e-001	4.613321e-054
60.000000	1.307104	-4.416396	0.000000	7.158598e+000	1.970554e-055
65.000000	1.228288	-4.495212	0.000000	7.150394e+001	9.507828e-057
70.000000	1.152640	-4.570860	0.000000	6.482742e+002	5.181941e-058
75.000000	1.080161	-4.643339	0.000000	5.347341e+003	3.190229e-059
80.000000	1.010850	-4.712650	0.000000	4.021121e+004	2.218551e-060
85.000000	0.944706	-4.778794	0.000000	2.760755e+005	1.742750e-061
90.000000	0.881731	-4.841769	0.000000	1.732013e+006	1.546390e-062
95.000000	0.821924	-4.901576	0.000000	9.932278e+006	1.549963e-063
100.000000	0.765285	-4.958215	0.000000	5.205781e+007	1.754857e-064
105.000000	0.711813	-5.011687	0.000000	2.493075e+008	2.244297e-065
110.000000	0.661510	-5.061990	0.000000	1.090523e+009	3.242180e-066
115.000000	0.614375	-5.109125	0.000000	4.355301e+009	5.290688e-067
120.000000	0.570409	-5.153091	0.000000	1.587544e+010	9.752264e-068
125.000000	0.529610	-5.193890	0.000000	5.279706e+010	2.030565e-068
130.000000	0.491979	-5.231521	0.000000	1.601527e+011	4.775805e-069
135.000000	0.457516	-5.265984	0.000000	4.429721e+011	1.268804e-069
140.000000	0.426222	-5.297278	0.000000	1.116931e+012	3.807681e-070
145.000000	0.398095	-5.325405	0.000000	2.566770e+012	1.290758e-070
150.000000	0.373137	-5.350363	0.000000	5.374938e+012	4.942508e-071
155.000000	0.351346	-5.372154	0.000000	1.025451e+013	2.137805e-071
160.000000	0.332724	-5.390776	0.000000	1.782232e+013	1.044496e-071
165.000000	0.317270	-5.406230	0.000000	2.821869e+013	5.764527e-072
170.000000	0.304983	-5.418517	0.000000	4.072898e+013	3.593672e-072
175.000000	0.295865	-5.427635	0.000000	5.378368e+013	2.530645e-072
180.000000	0.289915	-5.433585	0.000000	6.632190e+013	2.012990e-072
185.000000	0.287133	-5.436367	0.000000	8.502706e+013	1.808713e-072
190.000000	0.287519	-5.435981	0.000000	1.641574e+014	1.835756e-072
190.100000	0.287526	-5.435974	0.000000	1.680941e+014	1.836301e-072
190.200000	0.287534	-5.435966	0.000000	1.721819e+014	1.836846e-072
190.300000	0.287542	-5.435958	0.000000	1.764266e+014	1.837392e-072
190.400000	0.287549	-5.435951	0.000000	1.808343e+014	1.837937e-072
190.500000	0.287557	-5.435943	0.000000	1.854113e+014	1.838483e-072
190.600000	0.287565	-5.435935	0.000000	1.901642e+014	1.839028e-072
190.700000	0.287573	-5.435927	0.000000	1.950997e+014	1.839574e-072
190.800000	0.287580	-5.435920	0.000000	2.002248e+014	1.840120e-072
190.900000	0.287588	-5.435912	0.000000	2.055470e+014	1.840666e-072
191.000000	0.287596	-5.435904	0.000000	2.110737e+014	1.841213e-072
191.100000	0.287604	-5.435896	0.000000	2.168130e+014	1.841759e-072
191.200000	0.287611	-5.435889	0.000000	2.227729e+014	1.842306e-072
191.300000	0.287619	-5.435881	0.000000	2.289620e+014	1.842853e-072
191.400000	0.287627	-5.435873	0.000000	2.353892e+014	1.843400e-072
191.500000	0.287634	-5.435866	0.000000	2.420635e+014	1.843947e-072
191.600000	0.287642	-5.435858	0.000000	2.489946e+014	1.844494e-072
191.700000	0.287650	-5.435850	0.000000	2.561923e+014	1.845042e-072
191.800000	0.287658	-5.435842	0.000000	2.636669e+014	1.845589e-072
191.900000	0.287665	-5.435835	0.000000	2.714290e+014	1.846137e-072
192.000000	0.287673	-5.435827	0.000000	2.794898e+014	1.846685e-072
192.100000	0.287681	-5.435819	0.000000	2.878608e+014	1.847233e-072
192.200000	0.287688	-5.435812	0.000000	2.965538e+014	1.847781e-072
192.300000	0.287696	-5.435804	0.000000	3.055813e+014	1.848330e-072
192.400000	0.287704	-5.435796	0.000000	3.149561e+014	1.848878e-072
192.500000	0.287712	-5.435788	0.000000	3.246917e+014	1.849427e-072
192.600000	0.287719	-5.435781	0.000000	3.348019e+014	1.849976e-072
192.700000	0.287727	-5.435773	0.000000	3.453010e+014	1.850525e-072
192.800000	0.287735	-5.435765	0.000000	3.562042e+014	1.851074e-072
192.900000	0.287742	-5.435758	0.000000	3.675269e+014	1.851624e-072
193.000000	0.287750	-5.435750	0.000000	3.792853e+014	1.852173e-072
193.100000	0.287758	-5.435742	0.000000	3.914961e+014	1.852723e-072
193.200000	0.287766	-5.435734	0.000000	4.041768e+014	1.853273e-072
193.300000	0.287773	-5.435727	0.000000	4.173454e+014	1.853823e-072
193.400000	0.287781	-5.435719	0.000000	4.310206e+014	1.854373e-072
193.500000	0.287789	-5.435711	0.000000	4.452220e+014	1.854923e-072
193.600000	0.287796	-5.435704	0.000000	4.599698e+014	1.855474e-072
193.700000	0.287804	-5.435696	0.000000	4.752849e+014	1.856024e-072
193.800000	0.287812	-5.435688	0.000000	4.911893e+014	1.856575e-072
193.900000	0.287820	-5.435680	0.000000	5.077056e+014	1.857126e-072
194.000000	0.287827	-5.435673	0.000000	5.248573e+014	1.857677e-072
194.100000	0.287835	-5.435665	0.000000	5.426688e+014	1.858228e-072
194.200000	0.287843	-5.435657	0.000000	5.611655e+014	1.858780e-072
194.300000	0.287850	-5.435650	0.000000	5.803737e+014	1.859331e-072
194.400000	0.287858	-5.435642	0.000000	6.003208e+014	1.859883e-072
194.500000	0.287866	-5.435634	0.000000	6.210353e+014	1.860435e-072
194.600000	0.287874	-5.435626	0.000000	6.425465e+014	1.860987e-072
194.700000	0.287881	-5.435619	0.000000	6.648852e+014	1.861539e-072
194.800000	0.287889	-5.435611	0.000000	6.880831e+014	1.862091e-072
194.900000	0.287897	-5.435603	0.000000	7.121733e+014	1.862644e-072
195.000000	0.287904	-5.435596	0.000000	7.371900e+014	1.863196e-072
195.100000	0.287912	-5.435588	0.000000	7.631690e+014	1.863749e-072
195.200000	0.287920	-5.435580	0.000000	7.901471e+014	1.864302e-072
195.300000	0.287928	-5.435572	0.000000	8.181629e+014	1.864855e-072
195.400000	0.287935	-5.435565	0.000000	8.472562e+014	1.865408e-072
195.500000	0.287943	-5.435557	0.000000	8.774683e+014	1.865962e-072
195.600000	0.287951	-5.435549	0.000000	9.088425e+014	1.866515e-072
195.700000	0.287958	-5.435542	0.000000	9.414232e+014	1.867069e-072
195.800000	0.287966	-5.435534	0.000000	9.752570e+014	1.867623e-072
195.900000	0.287974	-5.435526	0.000000	1.010392e+015	1.868177e-072
196.000000	0.287981	-5.435519	0.000000	1.046878e+015	1.868731e-072
196.100000	0.287989	-5.435511	0.000000	1.084767e+015	1.869285e-072
196.200000	0.287997	-5.435503	0.000000	1.124114e+015	1.869840e-072
196.300000	0.288005	-5.435495	0.000000	1.164974e+015	1.870394e-072
196.400000	0.288012	-5.435488	0.000000	1.207405e+015	1.870949e-072
196.500000	0.288020	-5.435480	0.000000	1.251468e+015	1.871504e-072
196.600000	0.288028	-5.435472	0.000000	1.297225e+015	1.872059e-072
196.700000	0.288035	-5.435465	0.000000	1.344742e+015	1.872614e-072
196.800000	0.288043	-5.435457	0.000000	1.394087e+015	1.873169e-072
196.900000	0.288051	-5.435449	0.000000	1.445329e+015	1.873725e-072
197.000000	0.288059	-5.435441	0.000000	1.498542e+015	1.874280e-072
197.100000	0.288066	-5.435434	0.000000	1.553802e+015	1.874836e-072
197.200000	0.288074	-5.435426	0.000000	1.611186e+015	1.875392e-072
197.300000	0.288082	-5.435418	0.000000	1.670778e+015	1.875948e-072
197.400000	0.288089	-5.435411	0.000000	1.732662e+015	1.876504e-072
197.500000	0.288097	-5.435403	0.000000	1.796926e+015	1.877060e-072
197.600000	0.288105	-5.435395	0.000000	1.863662e+015	1.877617e-072
197.700000	0.288113	-5.435387	0.000000	1.932965e+015	1.878173e-072
197.800000	0.288120	-5.435380	0.000000	2.004933e+015	1.878730e-072
197.900000	0.288128	-5.435372	0.000000	2.079669e+015	1.879287e-072
198.000000	0.288136	-5.435364	0.000000	2.157281e+015	1.879844e-072
198.100000	0.288143	-5.435357	0.000000	2.237877e+015	1.880401e-072
198.200000	0.288151	-5.435349	0.000000	2.321574e+015	1.880958e-072
198.300000	0.288159	-5.435341	0.000000	2.408491e+015	1.881516e-072
198.400000	0.288166	-5.435334	0.000000	2.498751e+015	1.882073e-072
198.500000	0.288174	-5.435326	0.000000	2.592484e+015	1.882631e-072
198.600000	0.288182	-5.435318	0.000000	2.689823e+015	1.883189e-072
198.700000	0.288190	-5.435310	0.000000	2.790907e+015	1.883746e-072
198.800000	0.288197	-5.435303	0.000000	2.895880e+015	1.884304e-072
198.900000	0.288205	-5.435295	0.000000	3.004892e+015	1.884863e-072
199.000000	0.288213	-5.435287	0.000000	3.118099e+015	1.885421e-072
199.100000	0.288220	-5.435280	0.000000	3.235661e+015	1.885979e-072
199.200000	0.288228	-5.435272	0.000000	3.357748e+015	1.886538e-072
199.300000	0.288236	-5.435264	0.000000	3.484532e+015	1.887096e-072
199.400000	0.288243	-5.435257	0.000000	3.616196e+015	1.887655e-072
199.500000	0.288251	-5.435249	0.000000	3.752926e+015	1.888214e-072
199.600000	0.288259	-5.435241	0.000000	3.894919e+015	1.888773e-072
199.700000	0.288267	-5.435233	0.000000	4.042377e+015	1.889332e-072
199.800000	0.288274	-5.435226	0.000000	4.195511e+015	1.889891e-072
199.900000	0.288282	-5.435218	0.000000	4.354539e+015	1.890450e-072
200.000000	0.288290	-5.435210	0.000000	4.519689e+015	1.891009e-072
200.100000	0.288297	-5.435203	0.000000	4.691196e+015	1.891569e-072
200.200000	0.288305	-5.435195	0.000000	4.869306e+015	1.892128e-072
200.300000	0.288313	-5.435187	0.000000	5.054273e+015	1.892688e-072
200.400000	0.288320	-5.435180	0.000000	5.246361e+015	1.893248e-072
200.500000	0.288328	-5.435172	0.000000	5.445845e+015	1.893807e-072
200.600000	0.288336	-5.435164	0.000000	5.653010e+015	1.894367e-072
200.700000	0.288343	-5.435157	0.000000	5.868153e+015	1.894927e-072
200.800000	0.288351	-5.435149	0.000000	6.091580e+015	1.895487e-072
200.900000	0.288359	-5.435141	0.000000	6.323612e+015	1.896047e-072
201.000000	0.288366	-5.435134	0.000000	6.564579e+015	1.896607e-072
201.100000	0.288374	-5.435126	0.000000	6.814828e+015	1.897168e-072
201.200000	0.288382	-5.435118	0.000000	7.074716e+015	1.897728e-072
201.300000	0.288390	-5.435110	0.000000	7.344614e+015	1.898288e-072
201.400000	0.288397	-5.435103	0.000000	7.624908e+015	1.898849e-072
201.500000	0.288405	-5.435095	0.000000	7.916001e+015	1.899409e-072
201.600000	0.288413	-5.435087	0.000000	8.218308e+015	1.899969e-072
201.700000	0.288420	-5.435080	0.000000	8.532262e+015	1.900530e-072
201.800000	0.288428	-5.435072	0.000000	8.858313e+015	1.901091e-072
201.900000	0.288436	-5.435064	0.000000	9.196927e+015	1.901651e-072
202.000000	0.288443	-5.435057	0.000000	9.548589e+015	1.902212e-072
202.100000	0.288451	-5.435049	0.000000	9.913803e+015	1.902772e-072
202.200000	0.288459	-5.435041	0.000000	1.029309e+016	1.903333e-072
202.300000	0.288466	-5.435034	0.000000	1.068700e+016	1.903894e-072
202.400000	0.288474	-5.435026	0.000000	1.109609e+016	1.904454e-072
202.500000	0.288481	-5.435019	0.000000	1.152094e+016	1.905015e-072
202.600000	0.288489	-5.435011	0.000000	1.196218e+016	1.905575e-072
202.700000	0.288497	-5.435003	0.000000	1.242042e+016	1.906136e-072
202.800000	0.288504	-5.434996	0.000000	1.289633e+016	1.906697e-072
202.900000	0.288512	-5.434988	0.000000	1.339059e+016	1.907257e-072
203.000000	0.288520	-5.434980	0.000000	1.390391e+016	1.907818e-072
203.100000	0.288527	-5.434973	0.000000	1.443702e+016	1.908378e-072
203.200000	0.288535	-5.434965	0.000000	1.499068e+016	1.908938e-072
203.300000	0.288543	-5.434957	0.000000	1.556570e+016	1.909499e-072
203.400000	0.288550	-5.434950	0.000000	1.616289e+016	1.910059e-072
203.500000	0.288558	-5.434942	0.000000	1.678312e+016	1.910619e-072
203.600000	0.288565	-5.434935	0.000000	1.742726e+016	1.911179e-072
203.700000	0.288573	-5.434927	0.000000	1.809626e+016	1.911739e-072
203.800000	0.288581	-5.434919	0.000000	1.879106e+016	1.912299e-072
203.900000	0.288588	-5.434912	0.000000	1.951266e+016	1.912859e-072
204.000000	0.288596	-5.434904	0.000000	2.026210e+016	1.913418e-072
204.100000	0.288604	-5.434896	0.000000	2.104046e+016	1.913978e-072
204.200000	0.288611	-5.434889	0.000000	2.184885e+016	1.914537e-072
204.300000	0.288619	-5.434881	0.000000	2.268843e+016	1.915096e-072
204.400000	0.288626	-5.434874	0.000000	2.356041e+016	1.915655e-072
204.500000	0.288634	-5.434866	0.000000	2.446604e+016	1.916213e-072
204.600000	0.288641	-5.434859	0.000000	2.540662e+016	1.916772e-072
204.700000	0.288649	-5.434851	0.000000	2.638351e+016	1.917330e-072
204.800000	0.288657	-5.434843	0.000000	2.739810e+016	1.917888e-072
204.900000	0.288664	-5.434836	0.000000	2.845185e+016	1.918446e-072
205.000000	0.288672	-5.434828	0.000000	2.954628e+016	1.919003e-072
205.100000	0.288679	-5.434821	0.000000	3.068296e+016	1.919560e-072
205.200000	0.288687	-5.434813	0.000000	3.186352e+016	1.920117e-072
205.300000	0.288694	-5.434806	0.000000	3.308967e+016	1.920674e-072
205.400000	0.288702	-5.434798	0.000000	3.436316e+016	1.921230e-072
205.500000	0.288709	-5.434791	0.000000	3.568582e+016	1.921786e-072
205.600000	0.288717	-5.434783	0.000000	3.705955e+016	1.922341e-072
205.700000	0.288724	-5.434776	0.000000	3.848634e+016	1.922896e-072
205.800000	0.288732	-5.434768	0.000000	3.996823e+016	1.923450e-072
205.900000	0.288739	-5.434761	0.000000	4.150736e+016	1.924004e-072
206.000000	0.288747	-5.434753	0.000000	4.310593e+016	1.924558e-072
206.100000	0.288754	-5.434746	0.000000	4.476626e+016	1.925111e-072
206.200000	0.288762	-5.434738	0.000000	4.649071e+016	1.925663e-072
206.300000	0.288769	-5.434731	0.000000	4.828179e+016	1.926215e-072
206.400000	0.288777	-5.434723	0.000000	5.014206e+016	1.926767e-072
206.500000	0.288784	-5.434716	0.000000	5.207421e+016	1.927317e-072
206.600000	0.288792	-5.434708	0.000000	5.408101e+016	1.927867e-072
206.700000	0.288799	-5.434701	0.000000	5.616535e+016	1.928417e-072
206.800000	0.288806	-5.434694	0.000000	5.833023e+016	1.928965e-072
206.900000	0.288814	-5.434686	0.000000	6.057878e+016	1.929513e-072
207.000000	0.288821	-5.434679	0.000000	6.291422e+016	1.930060e-072
207.100000	0.288828	-5.434672	0.000000	6.533993e+016	1.930607e-072
207.200000	0.288836	-5.434664	0.000000	6.785939e+016	1.931152e-072
207.300000	0.288843	-5.434657	0.000000	7.047623e+016	1.931696e-072
207.400000	0.288850	-5.434650	0.000000	7.319423e+016	1.932240e-072
207.500000	0.288858	-5.434642	0.000000	7.601730e+016	1.932782e-072
207.600000	0.288865	-5.434635	0.000000	7.894950e+016	1.933324e-072
207.700000	0.288872	-5.434628	0.000000	8.199506e+016	1.933864e-072
207.800000	0.288880	-5.434620	0.000000	8.515838e+016	1.934403e-072
207.900000	0.288887	-5.434613	0.000000	8.844401e+016	1.934942e-072
208.000000	0.288894	-5.434606	0.000000	9.185668e+016	1.935478e-072
208.100000	0.288901	-5.434599	0.000000	9.540131e+016	1.936014e-072
208.200000	0.288908	-5.434592	0.000000	9.908302e+016	1.936548e-072
208.300000	0.288915	-5.434585	0.000000	1.029071e+017	1.937081e-072
208.400000	0.288923	-5.434577	0.000000	1.068791e+017	1.937612e-072
208.500000	0.288930	-5.434570	0.000000	1.110047e+017	1.938142e-072
208.600000	0.288937	-5.434563	0.000000	1.152899e+017	1.938670e-072
208.700000	0.288944	-5.434556	0.000000	1.197409e+017	1.939196e-072
208.800000	0.288951	-5.434549	0.000000	1.243640e+017	1.939721e-072
208.900000	0.288958	-5.434542	0.000000	1.291660e+017	1.940244e-072
209.000000	0.288965	-5.434535	0.000000	1.341537e+017	1.940765e-072
209.100000	0.288972	-5.434528	0.000000	1.393344e+017	1.941284e-072
209.200000	0.288979	-5.434521	0.000000	1.447155e+017	1.941801e-072
209.300000	0.288986	-5.434514	0.000000	1.503049e+017	1.942316e-072
209.400000	0.288993	-5.434507	0.000000	1.561105e+017	1.942829e-072
209.500000	0.288999	-5.434501	0.000000	1.621408e+017	1.943339e-072
209.600000	0.289006	-5.434494	0.000000	1.684045e+017	1.943847e-072
209.700000	0.289013	-5.434487	0.000000	1.749105e+017	1.944352e-072
209.800000	0.289020	-5.434480	0.000000	1.816684e+017	1.944855e-072
209.900000	0.289026	-5.434474	0.000000	1.886878e+017	1.945355e-072
210.000000	0.658693	-5.621307	0.000000	2.118690e+017	1.473000e-075
210.100000	0.656296	-5.623704	0.000000	2.208944e+017	1.343275e-075
210.200000	0.653899	-5.626101	0.000000	2.304572e+017	1.224973e-075
210.300000	0.651502	-5.628498	0.000000	2.405860e+017	1.117088e-075
210.400000	0.649105	-5.630895	0.000000	2.513107e+017	1.018702e-075
210.500000	0.646708	-5.633292	0.000000	2.626632e+017	9.289792e-076
210.600000	0.644311	-5.635689	0.000000	2.746769e+017	8.471572e-076
210.700000	0.641913	-5.638087	0.000000	2.873870e+017	7.725401e-076
210.800000	0.639516	-5.640484	0.000000	3.008311e+017	7.044936e-076
210.900000	0.637119	-5.642881	0.000000	3.150482e+017	6.424391e-076
211.000000	0.634721	-5.645279	0.000000	3.300799e+017	5.858491e-076
211.100000	0.632324	-5.647676	0.000000	3.459698e+017	5.342425e-076
211.200000	0.629926	-5.650074	0.000000	3.627640e+017	4.871805e-076
211.300000	0.627528	-5.652472	0.000000	3.805110e+017	4.442628e-076
211.400000	0.625131	-5.654869	0.000000	3.992619e+017	4.051247e-076
211.500000	0.622733	-5.657267	0.000000	4.190704e+017	3.694334e-076
211.600000	0.620335	-5.659665	0.000000	4.399932e+017	3.368853e-076
211.700000	0.617937	-5.662063	0.000000	4.620900e+017	3.072036e-076
211.800000	0.615539	-5.664461	0.000000	4.854236e+017	2.801360e-076
211.900000	0.613140	-5.666860	0.000000	5.100600e+017	2.554524e-076
212.000000	0.610742	-5.669258	0.000000	5.360687e+017	2.329427e-076
212.100000	0.608344	-5.671656	0.000000	5.635230e+017	2.124155e-076
212.200000	0.605945	-5.674055	0.000000	5.924998e+017	1.936964e-076
212.300000	0.603546	-5.676454	0.000000	6.230800e+017	1.766260e-076
212.400000	0.601148	-5.678852	0.000000	6.553488e+017	1.610592e-076
212.500000	0.598749	-5.681251	0.000000	6.893957e+017	1.468636e-076
212.600000	0.596349	-5.683651	0.000000	7.253148e+017	1.339184e-076
212.700000	0.593950	-5.686050	0.000000	7.632052e+017	1.221135e-076
212.800000	0.591551	-5.688449	0.000000	8.031707e+017	1.113486e-076
212.900000	0.589151	-5.690849	0.000000	8.453209e+017	1.015319e-076
213.000000	0.586751	-5.693249	0.000000	8.897705e+017	9.258010e-077
213.100000	0.584351	-5.695649	0.000000	9.366402e+017	8.441691e-077
213.200000	0.581951	-5.698049	0.000000	9.860570e+017	7.697292e-077
213.300000	0.579551	-5.700449	0.000000	1.038154e+018	7.018478e-077
213.400000	0.577150	-5.702850	0.000000	1.093071e+018	6.399474e-077
213.500000	0.574749	-5.705251	0.000000	1.150956e+018	5.835011e-077
213.600000	0.572348	-5.707652	0.000000	1.211962e+018	5.320287e-077
213.700000	0.569947	-5.710053	0.000000	1.276252e+018	4.850920e-077
213.800000	0.567545	-5.712455	0.000000	1.343995e+018	4.422915e-077
213.900000	0.565144	-5.714856	0.000000	1.415371e+018	4.032629e-077
214.000000	0.562741	-5.717259	0.000000	1.490567e+018	3.676741e-077
214.100000	0.560339	-5.719661	0.000000	1.569780e+018	3.352219e-077
214.200000	0.557936	-5.722064	0.000000	1.653216e+018	3.056302e-077
214.300000	0.555533	-5.724467	0.000000	1.741092e+018	2.786469e-077
214.400000	0.553129	-5.726871	0.000000	1.833635e+018	2.540423e-077
214.500000	0.550725	-5.729275	0.000000	1.931084e+018	2.316068e-077
214.600000	0.548321	-5.731679	0.000000	2.033688e+018	2.111493e-077
214.700000	0.545916	-5.734084	0.000000	2.141711e+018	1.924956e-077
214.800000	0.543511	-5.736489	0.000000	2.255428e+018	1.754868e-077
214.900000	0.541105	-5.738895	0.000000	2.375126e+018	1.599779e-077
215.000000	0.538699	-5.741301	0.000000	2.501109e+018	1.458368e-077
215.100000	0.536292	-5.743708	0.000000	2.633692e+018	1.329430e-077
215.200000	0.533885	-5.746115	0.000000	2.773210e+018	1.211865e-077
215.300000	0.531477	-5.748523	0.000000	2.920009e+018	1.104672e-077
215.400000	0.529068	-5.750932	0.000000	3.074456e+018	1.006936e-077
215.500000	0.526659	-5.753341	0.000000	3.236932e+018	9.178247e-078
215.600000	0.524249	-5.755751	0.000000	3.407838e+018	8.365771e-078
215.700000	0.521839	-5.758161	0.000000	3.587593e+018	7.625005e-078
215.800000	0.519427	-5.760573	0.000000	3.776638e+018	6.949627e-078
215.900000	0.517015	-5.762985	0.000000	3.975433e+018	6.333875e-078
216.000000	0.514602	-5.765398	0.000000	4.184460e+018	5.772493e-078
216.100000	0.512188	-5.767812	0.000000	4.404223e+018	5.260686e-078
216.200000	0.509773	-5.770227	0.000000	4.635253e+018	4.794085e-078
216.300000	0.507358	-5.772642	0.000000	4.878100e+018	4.368704e-078
216.400000	0.504941	-5.775059	0.000000	5.133346e+018	3.980909e-078
216.500000	0.502523	-5.777477	0.000000	5.401595e+018	3.627384e-078
216.600000	0.500104	-5.779896	0.000000	5.683482e+018	3.305109e-078
216.700000	0.497683	-5.782317	0.000000	5.979670e+018	3.011326e-078
216.800000	0.495262	-5.784738	0.000000	6.290855e+018	2.743522e-078
216.900000	0.492839	-5.787161	0.000000	6.617760e+018	2.499406e-078
217.000000	0.490415	-5.789585	0.000000	6.961147e+018	2.276888e-078
217.100000	0.487989	-5.792011	0.000000	7.321810e+018	2.074063e-078
217.200000	0.485561	-5.794439	0.000000	7.700578e+018	1.889192e-078
217.300000	0.483132	-5.796868	0.000000	8.098319e+018	1.720691e-078
217.400000	0.480702	-5.799298	0.000000	8.515943e+018	1.567115e-078
217.500000	0.478269	-5.801731	0.000000	8.954396e+018	1.427147e-078
217.600000	0.475835	-5.804165	0.000000	9.414671e+018	1.299585e-078
217.700000	0.473398	-5.806602	0.000000	9.897803e+018	1.183334e-078
217.800000	0.470960	-5.809040	0.000000	1.040487e+019	1.077394e-078
217.900000	0.468519	-5.811481	0.000000	1.093702e+019	9.808555e-079
218.000000	0.466076	-5.813924	0.000000	1.149541e+019	8.928872e-079
218.100000	0.463630	-5.816370	0.000000	1.208129e+019	8.127320e-079
218.200000	0.461182	-5.818818	0.000000	1.269594e+019	7.396993e-079
218.300000	0.458731	-5.821269	0.000000	1.334071e+019	6.731595e-079
218.400000	0.456278	-5.823722	0.000000	1.401700e+019	6.125384e-079
218.500000	0.453821	-5.826179	0.000000	1.472628e+019	5.573127e-079
218.600000	0.451361	-5.828639	0.000000	1.547008e+019	5.070049e-079
218.700000	0.448898	-5.831102	0.000000	1.624999e+019	4.611801e-079
218.800000	0.446432	-5.833568	0.000000	1.706768e+019	4.194413e-079
218.900000	0.443962	-5.836038	0.000000	1.792489e+019	3.814267e-079
219.000000	0.441488	-5.838512	0.000000	1.882342e+019	3.468067e-079
219.100000	0.439010	-5.840990	0.000000	1.976517e+019	3.152804e-079
219.200000	0.436528	-5.843472	0.000000	2.075211e+019	2.865736e-079
219.300000	0.434041	-5.845959	0.000000	2.178630e+019	2.604364e-079
219.400000	0.431550	-5.848450	0.000000	2.286987e+019	2.366410e-079
219.500000	0.429054	-5.850946	0.000000	2.400506e+019	2.149794e-079
219.600000	0.426553	-5.853447	0.000000	2.519420e+019	1.952624e-079
219.700000	0.424046	-5.855954	0.000000	2.643971e+019	1.773172e-079
219.800000	0.421534	-5.858466	0.000000	2.774411e+019	1.609864e-079
219.900000	0.419016	-5.860984	0.000000	2.911004e+019	1.461264e-079
220.000000	-0.399568	-5.451068	0.000000	2.519570e+019	1.027571e-072
220.100000	-0.396736	-5.448236	0.000000	2.617648e+019	1.145845e-072
220.200000	-0.393908	-5.445408	0.000000	2.716163e+019	1.277463e-072
220.300000	-0.391087	-5.442587	0.000000	2.815022e+019	1.423889e-072
220.400000	-0.388272	-5.439772	0.000000	2.914135e+019	1.586738e-072
220.500000	-0.385462	-5.436962	0.000000	3.013411e+019	1.767798e-072
220.600000	-0.382659	-5.434159	0.000000	3.112760e+019	1.969042e-072
220.700000	-0.379862	-5.431362	0.000000	3.212096e+019	2.192645e-072
220.800000	-0.377073	-5.428573	0.000000	3.311331e+019	2.441009e-072
220.900000	-0.374290	-5.425790	0.000000	3.410382e+019	2.716782e-072
221.000000	-0.371514	-5.423014	0.000000	3.509165e+019	3.022881e-072
221.100000	-0.368745	-5.420245	0.000000	3.607598e+019	3.362518e-072
221.200000	-0.365984	-5.417484	0.000000	3.705602e+019	3.739230e-072
221.300000	-0.363231	-5.414731	0.000000	3.803099e+019	4.156907e-072
221.400000	-0.360486	-5.411986	0.000000	3.900012e+019	4.619824e-072
221.500000	-0.357749	-5.409249	0.000000	3.996267e+019	5.132682e-072
221.600000	-0.355020	-5.406520	0.000000	4.091793e+019	5.700640e-072
221.700000	-0.352300	-5.403800	0.000000	4.186518e+019	6.329362e-072
221.800000	-0.349589	-5.401089	0.000000	4.280375e+019	7.025059e-072
221.900000	-0.346886	-5.398386	0.000000	4.373297e+019	7.794538e-072
222.000000	-0.344193	-5.395693	0.000000	4.465220e+019	8.645259e-072
222.100000	-0.341509	-5.393009	0.000000	4.556082e+019	9.585386e-072
222.200000	-0.338835	-5.390335	0.000000	4.645824e+019	1.062385e-071
222.300000	-0.336170	-5.387670	0.000000	4.734388e+019	1.177042e-071
222.400000	-0.333515	-5.385015	0.000000	4.821718e+019	1.303577e-071
222.500000	-0.330870	-5.382370	0.000000	4.907761e+019	1.443155e-071
222.600000	-0.328236	-5.379736	0.000000	4.992466e+019	1.597046e-071
222.700000	-0.325612	-5.377112	0.000000	5.075785e+019	1.766639e-071
222.800000	-0.322999	-5.374499	0.000000	5.157671e+019	1.953442e-071
222.900000	-0.320396	-5.371896	0.000000	5.238080e+019	2.159102e-071
223.000000	-0.317804	-5.369304	0.000000	5.316969e+019	2.385409e-071
223.100000	-0.315224	-5.366724	0.000000	5.394299e+019	2.634308e-071
223.200000	-0.312655	-5.364155	0.000000	5.470031e+019	2.907916e-071
223.300000	-0.310097	-5.361597	0.000000	5.544132e+019	3.208530e-071
223.400000	-0.307551	-5.359051	0.000000	5.616566e+019	3.538641e-071
223.500000	-0.305016	-5.356516	0.000000	5.687304e+019	3.900953e-071
223.600000	-0.302494	-5.353994	0.000000	5.756316e+019	4.298394e-071
223.700000	-0.299983	-5.351483	0.000000	5.823575e+019	4.734134e-071
223.800000	-0.297485	-5.348985	0.000000	5.889057e+019	5.211603e-071
223.900000	-0.294999	-5.346499	0.000000	5.952738e+019	5.734511e-071
224.000000	-0.292525	-5.344025	0.000000	6.014598e+019	6.306864e-071
224.100000	-0.290064	-5.341564	0.000000	6.074619e+019	6.932987e-071
224.200000	-0.287616	-5.339116	0.000000	6.132784e+019	7.617544e-071
224.300000	-0.285181	-5.336681	0.000000	6.189077e+019	8.365566e-071
224.400000	-0.282758	-5.334258	0.000000	6.243487e+019	9.182467e-071
224.500000	-0.280349	-5.331849	0.000000	6.296001e+019	1.007408e-070
224.600000	-0.277953	-5.329453	0.000000	6.346612e+019	1.104667e-070
224.700000	-0.275570	-5.327070	0.000000	6.395311e+019	1.210697e-070
224.800000	-0.273200	-5.324700	0.000000	6.442093e+019	1.326221e-070
224.900000	-0.270844	-5.322344	0.000000	6.486954e+019	1.452017e-070
225.000000	-0.268501	-5.320001	0.000000	6.529891e+019	1.588914e-070
225.100000	-0.266173	-5.317673	0.000000	6.570905e+019	1.737806e-070
225.200000	-0.263857	-5.315357	0.000000	6.609996e+019	1.899645e-070
225.300000	-0.261556	-5.313056	0.000000	6.647166e+019	2.075451e-070
225.400000	-0.259269	-5.310769	0.000000	6.682419e+019	2.266316e-070
225.500000	-0.256995	-5.308495	0.000000	6.715761e+019	2.473402e-070
225.600000	-0.254736	-5.306236	0.000000	6.747199e+019	2.697954e-070
225.700000	-0.252491	-5.303991	0.000000	6.776741e+019	2.941294e-070
225.800000	-0.250260	-5.301760	0.000000	6.804396e+019	3.204834e-070
225.900000	-0.248043	-5.299543	0.000000	6.830174e+019	3.490077e-070
226.000000	-0.245840	-5.297340	0.000000	6.854089e+019	3.798619e-070
226.100000	-0.243652	-5.295152	0.000000	6.876152e+019	4.132159e-070
226.200000	-0.241478	-5.292978	0.000000	6.896378e+019	4.492498e-070
226.300000	-0.239319	-5.290819	0.000000	6.914783e+019	4.881552e-070
226.400000	-0.237174	-5.288674	0.000000	6.931382e+019	5.301348e-070
226.500000	-0.235043	-5.286543	0.000000	6.946193e+019	5.754035e-070
226.600000	-0.232927	-5.284427	0.000000	6.959234e+019	6.241887e-070
226.700000	-0.230826	-5.282326	0.000000	6.970525e+019	6.767312e-070
226.800000	-0.228739	-5.280239	0.000000	6.980085e+019	7.332852e-070
226.900000	-0.226667	-5.278167	0.000000	6.987934e+019	7.941192e-070
227.000000	-0.224610	-5.276110	0.000000	6.994096e+019	8.595168e-070
227.100000	-0.222567	-5.274067	0.000000	6.998591e+019	9.297766e-070
227.200000	-0.220538	-5.272038	0.000000	7.001443e+019	1.005213e-069
227.300000	-0.218525	-5.270025	0.000000	7.002675e+019	1.086159e-069
227.400000	-0.216526	-5.268026	0.000000	7.002312e+019	1.172961e-069
227.500000	-0.214541	-5.266041	0.000000	7.000378e+019	1.265987e-069
227.600000	-0.212572	-5.264072	0.000000	6.996899e+019	1.365622e-069
227.700000	-0.210617	-5.262117	0.000000	6.991899e+019	1.472268e-069
227.800000	-0.208676	-5.260176	0.000000	6.985407e+019	1.586351e-069
227.900000	-0.206750	-5.258250	0.000000	6.977447e+019	1.708313e-069
228.000000	-0.204839	-5.256339	0.000000	6.968047e+019	1.838619e-069
228.100000	-0.202943	-5.254443	0.000000	6.957235e+019	1.977756e-069
228.200000	-0.201060	-5.252560	0.000000	6.945037e+019	2.126231e-069
228.300000	-0.199193	-5.250693	0.000000	6.931482e+019	2.284576e-069
228.400000	-0.197340	-5.248840	0.000000	6.916599e+019	2.453344e-069
228.500000	-0.195501	-5.247001	0.000000	6.900414e+019	2.633114e-069
228.600000	-0.193677	-5.245177	0.000000	6.882957e+019	2.824488e-069
228.700000	-0.191867	-5.243367	0.000000	6.864257e+019	3.028094e-069
228.800000	-0.190072	-5.241572	0.000000	6.844341e+019	3.244585e-069
228.900000	-0.188291	-5.239791	0.000000	6.823240e+019	3.474639e-069
229.000000	-0.186524	-5.238024	0.000000	6.800981e+019	3.718963e-069
229.100000	-0.184771	-5.236271	0.000000	6.777594e+019	3.978289e-069
229.200000	-0.183033	-5.234533	0.000000	6.753108e+019	4.253379e-069
229.300000	-0.181309	-5.232809	0.000000	6.727552e+019	4.545020e-069
229.400000	-0.179599	-5.231099	0.000000	6.700954e+019	4.854029e-069
229.500000	-0.177902	-5.229402	0.000000	6.673344e+019	5.181254e-069
229.600000	-0.176220	-5.227720	0.000000	6.644750e+019	5.527569e-069
229.700000	-0.174552	-5.226052	0.000000	6.615201e+019	5.893880e-069
229.800000	-0.172897	-5.224397	0.000000	6.584726e+019	6.281123e-069
229.900000	-0.171257	-5.222757	0.000000	6.553352e+019	6.690263e-069
230.000000	-0.169630	-5.221130	0.000000	6.521109e+019	7.122297e-069
230.100000	-0.168016	-5.219516	0.000000	6.488023e+019	7.578253e-069
230.200000	-0.166416	-5.217916	0.000000	6.454124e+019	8.059190e-069
230.300000	-0.164830	-5.216330	0.000000	6.419439e+019	8.566200e-069
230.400000	-0.163257	-5.214757	0.000000	6.383995e+019	9.100404e-069
230.500000	-0.161698	-5.213198	0.000000	6.347819e+019	9.662958e-069
230.600000	-0.160152	-5.211652	0.000000	6.310939e+019	1.025505e-068
230.700000	-0.158619	-5.210119	0.000000	6.273380e+019	1.087789e-068
230.800000	-0.157099	-5.208599	0.000000	6.235170e+019	1.153274e-068
230.900000	-0.155592	-5.207092	0.000000	6.196335e+019	1.222088e-068
231.000000	-0.154098	-5.205598	0.000000	6.156901e+019	1.294363e-068
231.100000	-0.152617	-5.204117	0.000000	6.116892e+019	1.370233e-068
231.200000	-0.151149	-5.202649	0.000000	6.076334e+019	1.449836e-068
231.300000	-0.149693	-5.201193	0.000000	6.035253e+019	1.533315e-068
231.400000	-0.148250	-5.199750	0.000000	5.993672e+019	1.620812e-068
231.500000	-0.146820	-5.198320	0.000000	5.951616e+019	1.712477e-068
231.600000	-0.145402	-5.196902	0.000000	5.909108e+019	1.808459e-068
231.700000	-0.143997	-5.195497	0.000000	5.866173e+019	1.908913e-068
231.800000	-0.142603	-5.194103	0.000000	5.822833e+019	2.013996e-068
231.900000	-0.141222	-5.192722	0.000000	5.779111e+019	2.123869e-068
232.000000	-0.139853	-5.191353	0.000000	5.735029e+019	2.238695e-068
232.100000	-0.138496	-5.189996	0.000000	5.690610e+019	2.358639e-068
232.200000	-0.137151	-5.188651	0.000000	5.645875e+019	2.483873e-068
232.300000	-0.135818	-5.187318	0.000000	5.600845e+019	2.614569e-068
232.400000	-0.134496	-5.185996	0.000000	5.555542e+019	2.750901e-068
232.500000	-0.133186	-5.184686	0.000000	5.509985e+019	2.893048e-068
232.600000	-0.131888	-5.183388	0.000000	5.464195e+019	3.041193e-068
232.700000	-0.130601	-5.182101	0.000000	5.418191e+019	3.195518e-068
232.800000	-0.129325	-5.180825	0.000000	5.371993e+019	3.356210e-068
232.900000	-0.128061	-5.179561	0.000000	5.325620e+019	3.523461e-068
233.000000	-0.126808	-5.178308	0.000000	5.279090e+019	3.697461e-068
233.100000	-0.125565	-5.177065	0.000000	5.232421e+019	3.878406e-068
233.200000	-0.124334	-5.175834	0.000000	5.185631e+019	4.066494e-068
233.300000	-0.123114	-5.174614	0.000000	5.138738e+019	4.261925e-068
233.400000	-0.121904	-5.173404	0.000000	5.091758e+019	4.464902e-068
233.500000	-0.120705	-5.172205	0.000000	5.044708e+019	4.675629e-068
233.600000	-0.119516	-5.171016	0.000000	4.997603e+019	4.894316e-068
233.700000	-0.118338	-5.169838	0.000000	4.950461e+019	5.121170e-068
233.800000	-0.117171	-5.168671	0.000000	4.903295e+019	5.356406e-068
233.900000	-0.116013	-5.167513	0.000000	4.856122e+019	5.600238e-068
234.000000	-0.114866	-5.166366	0.000000	4.808955e+019	5.852881e-068
234.100000	-0.113729	-5.165229	0.000000	4.761810e+019	6.114556e-068
234.200000	-0.112602	-5.164102	0.000000	4.714699e+019	6.385483e-068
234.300000	-0.111484	-5.162984	0.000000	4.667636e+019	6.665886e-068
234.400000	-0.110377	-5.161877	0.000000	4.620635e+019	6.955988e-068
234.500000	-0.109279	-5.160779	0.000000	4.573708e+019	7.256018e-068
234.600000	-0.108190	-5.159690	0.000000	4.526868e+019	7.566205e-068
234.700000	-0.107112	-5.158612	0.000000	4.480126e+019	7.886778e-068
234.800000	-0.106042	-5.157542	0.000000	4.433494e+019	8.217971e-068
234.900000	-0.104982	-5.156482	0.000000	4.386984e+019	8.560017e-068
235.000000	-0.103931	-5.155431	0.000000	4.340606e+019	8.913154e-068
235.100000	-0.102889	-5.154389	0.000000	4.294372e+019	9.277618e-068
235.200000	-0.101856	-5.153356	0.000000	4.248291e+019	9.653649e-068
235.300000	-0.100832	-5.152332	0.000000	4.202373e+019	1.004149e-067
235.400000	-0.099816	-5.151316	0.000000	4.156628e+019	1.044138e-067
235.500000	-0.098810	-5.150310	0.000000	4.111066e+019	1.085356e-067
235.600000	-0.097812	-5.149312	0.000000	4.065695e+019	1.127829e-067
235.700000	-0.096822	-5.148322	0.000000	4.020523e+019	1.171580e-067
235.800000	-0.095841	-5.147341	0.000000	3.975560e+019	1.216635e-067
235.900000	-0.094868	-5.146368	0.000000	3.930814e+019	1.263018e-067
236.000000	-0.093903	-5.145403	0.000000	3.886291e+019	1.310755e-067
236.100000	-0.092947	-5.144447	0.000000	3.842000e+019	1.359871e-067
236.200000	-0.091999	-5.143499	0.000000	3.797947e+019	1.410392e-067
236.300000	-0.091058	-5.142558	0.000000	3.754140e+019	1.462342e-067
236.400000	-0.090126	-5.141626	0.000000	3.710585e+019	1.515748e-067
236.500000	-0.089201	-5.140701	0.000000	3.667289e+019	1.570636e-067
236.600000	-0.088284	-5.139784	0.000000	3.624257e+019	1.627030e-067
236.700000	-0.087374	-5.138874	0.000000	3.581495e+019	1.684959e-067
236.800000	-0.086472	-5.137972	0.000000	3.539009e+019	1.744447e-067
236.900000	-0.085577	-5.137077	0.000000	3.496803e+019	1.805521e-067
237.000000	-0.084690	-5.136190	0.000000	3.454884e+019	1.868208e-067
237.100000	-0.083810	-5.135310	0.000000	3.413255e+019	1.932534e-067
237.200000	-0.082937	-5.134437	0.000000	3.371922e+019	1.998525e-067
237.300000	-0.082071	-5.133571	0.000000	3.330888e+019	2.066210e-067
237.400000	-0.081212	-5.132712	0.000000	3.290158e+019	2.135614e-067
237.500000	-0.080359	-5.131859	0.000000	3.249735e+019	2.206766e-067
237.600000	-0.079514	-5.131014	0.000000	3.209623e+019	2.279692e-067
237.700000	-0.078676	-5.130176	0.000000	3.169826e+019	2.354419e-067
237.800000	-0.077844	-5.129344	0.000000	3.130346e+019	2.430977e-067
237.900000	-0.077018	-5.128518	0.000000	3.091186e+019	2.509391e-067
238.000000	-0.076199	-5.127699	0.000000	3.052350e+019	2.589691e-067
238.100000	-0.075387	-5.126887	0.000000	3.013839e+019	2.671904e-067
238.200000	-0.074580	-5.126080	0.000000	2.975657e+019	2.756058e-067
238.300000	-0.073780	-5.125280	0.000000	2.937805e+019	2.842182e-067
238.400000	-0.072986	-5.124486	0.000000	2.900286e+019	2.930305e-067
238.500000	-0.072199	-5.123699	0.000000	2.863100e+019	3.020456e-067
238.600000	-0.071417	-5.122917	0.000000	2.826251e+019	3.112662e-067
238.700000	-0.070641	-5.122141	0.000000	2.789739e+019	3.206955e-067
238.800000	-0.069871	-5.121371	0.000000	2.753566e+019	3.303362e-067
238.900000	-0.069106	-5.120606	0.000000	2.717732e+019	3.401913e-067
239.000000	-0.068348	-5.119848	0.000000	2.682240e+019	3.502638e-067
239.100000	-0.067595	-5.119095	0.000000	2.647089e+019	3.605568e-067
239.200000	-0.066847	-5.118347	0.000000	2.612280e+019	3.710732e-067
239.300000	-0.066105	-5.117605	0.000000	2.577815e+019	3.818161e-067
239.400000	-0.065369	-5.116869	0.000000	2.543693e+019	3.927884e-067
239.500000	-0.064637	-5.116137	0.000000	2.509914e+019	4.039935e-067
239.600000	-0.063911	-5.115411	0.000000	2.476479e+019	4.154342e-067
239.700000	-0.063190	-5.114690	0.000000	2.443389e+019	4.271139e-067
239.800000	-0.062475	-5.113975	0.000000	2.410642e+019	4.390356e-067
239.900000	-0.061764	-5.113264	0.000000	2.378238e+019	4.512025e-067
240.000000	-0.061058	-5.112558	0.000000	2.346178e+019	4.636179e-067
240.100000	-0.060357	-5.111857	0.000000	2.314460e+019	4.762849e-067
240.200000	-0.059661	-5.111161	0.000000	2.283085e+019	4.892070e-067
240.300000	-0.058970	-5.110470	0.000000	2.252051e+019	5.023874e-067
240.400000	-0.058283	-5.109783	0.000000	2.221358e+019	5.158294e-067
240.500000	-0.057602	-5.109102	0.000000	2.191005e+019	5.295363e-067
240.600000	-0.056924	-5.108424	0.000000	2.160991e+019	5.435117e-067
240.700000	-0.056252	-5.107752	0.000000	2.131315e+019	5.577590e-067
240.800000	-0.055583	-5.107083	0.000000	2.101976e+019	5.722815e-067
240.900000	-0.054919	-5.106419	0.000000	2.072973e+019	5.870829e-067
241.000000	-0.054260	-5.105760	0.000000	2.044303e+019	6.021667e-067
241.100000	-0.053604	-5.105104	0.000000	2.015967e+019	6.175364e-067
241.200000	-0.052953	-5.104453	0.000000	1.987962e+019	6.331957e-067
241.300000	-0.052306	-5.103806	0.000000	1.960288e+019	6.491483e-067
241.400000	-0.051664	-5.103164	0.000000	1.932941e+019	6.653978e-067
241.500000	-0.051025	-5.102525	0.000000	1.905921e+019	6.819479e-067
241.600000	-0.050390	-5.101890	0.000000	1.879227e+019	6.988026e-067
241.700000	-0.049759	-5.101259	0.000000	1.852855e+019	7.159656e-067
241.800000	-0.049132	-5.100632	0.000000	1.826805e+019	7.334407e-067
241.900000	-0.048509	-5.100009	0.000000	1.801074e+019	7.512319e-067
242.000000	-0.047890	-5.099390	0.000000	1.775661e+019	7.693432e-067
242.100000	-0.047274	-5.098774	0.000000	1.750563e+019	7.877786e-067
242.200000	-0.046662	-5.098162	0.000000	1.725779e+019	8.065421e-067
242.300000	-0.046054	-5.097554	0.000000	1.701306e+019	8.256379e-067
242.400000	-0.045449	-5.096949	0.000000	1.677142e+019	8.450702e-067
242.500000	-0.044847	-5.096347	0.000000	1.653286e+019	8.648430e-067
242.600000	-0.044249	-5.095749	0.000000	1.629734e+019	8.849608e-067
242.700000	-0.043655	-5.095155	0.000000	1.606484e+019	9.054278e-067
242.800000	-0.043064	-5.094564	0.000000	1.583535e+019	9.262484e-067
242.900000	-0.042476	-5.093976	0.000000	1.560884e+019	9.474271e-067
243.000000	-0.041892	-5.093392	0.000000	1.538528e+019	9.689683e-067
243.100000	-0.041310	-5.092810	0.000000	1.516465e+019	9.908767e-067
243.200000	-0.040732	-5.092232	0.000000	1.494693e+019	1.013157e-066
243.300000	-0.040157	-5.091657	0.000000	1.473209e+019	1.035813e-066
243.400000	-0.039585	-5.091085	0.000000	1.452011e+019	1.058851e-066
243.500000	-0.039016	-5.090516	0.000000	1.431096e+019	1.082274e-066
243.600000	-0.038450	-5.089950	0.000000	1.410462e+019	1.106088e-066
243.700000	-0.037887	-5.089387	0.000000	1.390106e+019	1.130298e-066
243.800000	-0.037327	-5.088827	0.000000	1.370025e+019	1.154909e-066
243.900000	-0.036770	-5.088270	0.000000	1.350218e+019	1.179926e-066
244.000000	-0.036216	-5.087716	0.000000	1.330681e+019	1.205353e-066
244.100000	-0.035664	-5.087164	0.000000	1.311412e+019	1.231197e-066
244.200000	-0.035116	-5.086616	0.000000	1.292409e+019	1.257462e-066
244.300000	-0.034569	-5.086069	0.000000	1.273668e+019	1.284154e-066
244.400000	-0.034026	-5.085526	0.000000	1.255187e+019	1.311277e-066
244.500000	-0.033485	-5.084985	0.000000	1.236963e+019	1.338839e-066
244.600000	-0.032947	-5.084447	0.000000	1.218994e+019	1.366844e-066
244.700000	-0.032411	-5.083911	0.000000	1.201278e+019	1.395298e-066
244.800000	-0.031878	-5.083378	0.000000	1.183811e+019	1.424206e-066
244.900000	-0.031347	-5.082847	0.000000	1.166590e+019	1.453575e-066
245.000000	-0.030819	-5.082319	0.000000	1.149614e+019	1.483411e-066
245.100000	-0.030293	-5.081793	0.000000	1.132879e+019	1.513718e-066
245.200000	-0.029770	-5.081270	0.000000	1.116383e+019	1.544504e-066
245.300000	-0.029249	-5.080749	0.000000	1.100124e+019	1.575775e-066
245.400000	-0.028730	-5.080230	0.000000	1.084097e+019	1.607537e-066
245.500000	-0.028213	-5.079713	0.000000	1.068302e+019	1.639795e-066
245.600000	-0.027699	-5.079199	0.000000	1.052735e+019	1.672558e-066
245.700000	-0.027187	-5.078687	0.000000	1.037394e+019	1.705830e-066
245.800000	-0.026677	-5.078177	0.000000	1.022275e+019	1.739619e-066
245.900000	-0.026169	-5.077669	0.000000	1.007377e+019	1.773931e-066
246.000000	-0.025663	-5.077163	0.000000	9.926973e+018	1.808774e-066
246.100000	-0.025159	-5.076659	0.000000	9.782322e+018	1.844153e-066
246.200000	-0.024658	-5.076158	0.000000	9.639797e+018	1.880077e-066
246.300000	-0.024158	-5.075658	0.000000	9.499372e+018	1.916551e-066
246.400000	-0.023661	-5.075161	0.000000	9.361020e+018	1.953584e-066
246.500000	-0.023165	-5.074665	0.000000	9.224717e+018	1.991183e-066
246.600000	-0.022671	-5.074171	0.000000	9.090437e+018	2.029355e-066
246.700000	-0.022180	-5.073680	0.000000	8.958155e+018	2.068107e-066
246.800000	-0.021690	-5.073190	0.000000	8.827844e+018	2.107447e-066
246.900000	-0.021201	-5.072701	0.000000	8.699481e+018	2.147383e-066
247.000000	-0.020715	-5.072215	0.000000	8.573040e+018	2.187922e-066
247.100000	-0.020231	-5.071731	0.000000	8.448496e+018	2.229074e-066
247.200000	-0.019748	-5.071248	0.000000	8.325825e+018	2.270844e-066
247.300000	-0.019267	-5.070767	0.000000	8.205002e+018	2.313243e-066
247.400000	-0.018788	-5.070288	0.000000	8.086003e+018	2.356277e-066
247.500000	-0.018310	-5.069810	0.000000	7.968803e+018	2.399956e-066
247.600000	-0.017834	-5.069334	0.000000	7.853380e+018	2.444288e-066
247.700000	-0.017360	-5.068860	0.000000	7.739707e+018	2.489282e-066
247.800000	-0.016887	-5.068387	0.000000	7.627763e+018	2.534946e-066
247.900000	-0.016416	-5.067916	0.000000	7.517524e+018	2.581289e-066
248.000000	-0.015947	-5.067447	0.000000	7.408965e+018	2.628320e-066
248.100000	-0.015479	-5.066979	0.000000	7.302065e+018	2.676049e-066
248.200000	-0.015013	-5.066513	0.000000	7.196800e+018	2.724485e-066
248.300000	-0.014548	-5.066048	0.000000	7.093148e+018	2.773636e-066
248.400000	-0.014084	-5.065584	0.000000	6.991086e+018	2.823513e-066
248.500000	-0.013623	-5.065123	0.000000	6.890591e+018	2.874125e-066
248.600000	-0.013162	-5.064662	0.000000	6.791642e+018	2.925483e-066
248.700000	-0.012703	-5.064203	0.000000	6.694217e+018	2.977595e-066
248.800000	-0.012245	-5.063745	0.000000	6.598293e+018	3.030472e-066
248.900000	-0.011789	-5.063289	0.000000	6.503849e+018	3.084125e-066
249.000000	-0.011334	-5.062834	0.000000	6.410865e+018	3.138563e-066
249.100000	-0.010880	-5.062380	0.000000	6.319318e+018	3.193798e-066
249.200000	-0.010428	-5.061928	0.000000	6.229189e+018	3.249839e-066
249.300000	-0.009977	-5.061477	0.000000	6.140455e+018	3.306698e-066
249.400000	-0.009528	-5.061028	0.000000	6.053098e+018	3.364385e-066
249.500000	-0.009079	-5.060579	0.000000	5.967095e+018	3.422912e-066
249.600000	-0.008632	-5.060132	0.000000	5.882428e+018	3.482290e-066
249.700000	-0.008186	-5.059686	0.000000	5.799077e+018	3.542530e-066
249.800000	-0.007741	-5.059241	0.000000	5.717022e+018	3.603645e-066
249.900000	-0.007298	-5.058798	0.000000	5.636243e+018	3.665644e-066
250.000000	-0.006856	-5.058356	0.000000	5.556721e+018	3.728542e-066
255.000000	0.013779	-5.037721	0.000000	2.836771e+018	8.245485e-066
260.000000	0.032930	-5.018570	0.000000	1.543030e+018	1.722306e-065
265.000000	0.051275	-5.000225	0.000000	8.709156e+017	3.487576e-065
270.000000	0.069163	-4.982337	0.000000	4.933177e+017	6.939502e-065
275.000000	0.086794	-4.964706	0.000000	2.749265e+017	1.367172e-064
280.000000	0.104281	-4.947219	0.000000	1.498811e+017	2.678650e-064
285.000000	0.121689	-4.929811	0.000000	8.010493e+016	5.232380e-064
290.000000	0.139055	-4.912445	0.000000	4.218067e+016	1.020429e-063
295.000000	0.156400	-4.895100	0.000000	2.199181e+016	1.988373e-063
300.000000	0.173733	-4.877767	0.000000	1.139611e+016	3.872762e-063
305.000000	0.191060	-4.860440	0.000000	5.884296e+015	7.541264e-063
310.000000	0.208384	-4.843116	0.000000	3.032001e+015	1.468304e-062
315.000000	0.225706	-4.825794	0.000000	1.560388e+015	2.858653e-062
320.000000	0.243027	-4.808473	0.000000	8.024421e+014	5.565360e-062
325.000000	0.260349	-4.791151	0.000000	4.124733e+014	1.083473e-061
330.000000	0.277669	-4.773831	0.000000	2.119605e+014	2.109304e-061
335.000000	0.294990	-4.756510	0.000000	1.089028e+014	4.106375e-061
340.000000	0.312311	-4.739189	0.000000	5.594724e+013	7.994236e-061
345.000000	0.329631	-4.721869	0.000000	2.874038e+013	1.556306e-060
350.000000	0.346952	-4.704548	0.000000	1.476359e+013	3.029790e-060
355.000000	0.364273	-4.687227	0.000000	7.583739e+012	5.898343e-060
360.000000	0.381593	-4.669907	0.000000	3.895565e+012	1.148279e-059
365.000000	0.398914	-4.652586	0.000000	2.001038e+012	2.235450e-059
370.000000	0.416235	-4.635265	0.000000	1.027872e+012	4.351934e-059
375.000000	0.433555	-4.617945	0.000000	5.279856e+011	8.472268e-059
380.000000	0.450876	-4.600624	0.000000	2.712094e+011	1.649366e-058
385.000000	0.468197	-4.583303	0.000000	1.393116e+011	3.210957e-058
390.000000	0.485517	-4.565983	0.000000	7.155991e+010	6.251033e-058
395.000000	0.502838	-4.548662	0.000000	3.675803e+010	1.216940e-057
400.000000	0.520158	-4.531342	0.000000	1.888142e+010	2.369117e-057
405.000000	0.537479	-4.514021	0.000000	9.698777e+009	4.612156e-057
410.000000	0.554800	-4.496700	0.000000	4.981949e+009	8.978863e-057
415.000000	0.572120	-4.479380	0.000000	2.559067e+009	1.747989e-056
420.000000	0.589441	-4.462059	0.000000	1.314510e+009	3.402954e-056
425.000000	0.606762	-4.444738	0.000000	6.752213e+008	6.624811e-056
430.000000	0.624082	-4.427418	0.000000	3.468393e+008	1.289706e-055
435.000000	0.641403	-4.410097	0.000000	1.781601e+008	2.510778e-055
440.000000	0.658723	-4.392777	0.000000	9.151496e+007	4.887937e-055
445.000000	0.676044	-4.375456	0.000000	4.700819e+007	9.515749e-055
450.000000	0.693365	-4.358135	0.000000	2.414649e+007	1.852509e-054
455.000000	0.710685	-4.340815	0.000000	1.240318e+007	3.606432e-054
460.000000	0.728006	-4.323494	0.000000	6.371073e+006	7.020938e-054
465.000000	0.745327	-4.306173	0.000000	3.272572e+006	1.366824e-053
470.000000	0.762647	-4.288853	0.000000	1.680841e+006	2.660908e-053
475.000000	0.779968	-4.271532	0.000000	8.630440e+005	5.180209e-053
480.000000	0.797288	-4.254212	0.000000	4.428865e+005	1.008474e-052
485.000000	0.814609	-4.236891	0.000000	2.271096e+005	1.963279e-052
490.000000	0.831930	-4.219570	0.000000	1.163607e+005	3.822077e-052
495.000000	0.849250	-4.202250	0.000000	5.952088e+004	7.440751e-052
500.000000	0.866571	-4.184929	0.000000	3.031849e+004	1.448552e-051
505.000000	0.883892	-4.167608	0.000000	1.529823e+004	2.820016e-051
510.000000	0.901212	-4.150288	0.000000	7.587615e+003	5.489957e-051
515.000000	0.918533	-4.132967	0.000000	3.665969e+003	1.068775e-050
520.000000	0.935853	-4.115647	0.000000	1.710461e+003	2.080672e-050
525.000000	0.953174	-4.098326	0.000000	7.651218e+002	4.050616e-050
530.000000	0.970495	-4.081005	0.000000	3.263824e+002	7.885667e-050
535.000000	0.987815	-4.063685	0.000000	1.323105e+002	1.535168e-049
540.000000	1.005136	-4.046364	0.000000	5.087379e+001	2.988637e-049
545.000000	1.022457	-4.029043	0.000000	1.853906e+001	5.818226e-049
550.000000	1.039777	-4.011723	0.000000	6.403084e+000	1.132682e-048
555.000000	1.057098	-3.994402	0.000000	2.097237e+000	2.205085e-048
560.000000	1.074418	-3.977082	0.000000	6.520207e-001	4.292820e-048
565.000000	1.091739	-3.959761	0.000000	1.926275e-001	8.357186e-048
570.000000	1.109060	-3.942440	0.000000	5.414455e-002	1.626962e-047
575.000000	1.126380	-3.925120	0.000000	1.449868e-002	3.167341e-047
580.000000	1.143701	-3.907799	0.000000	3.703399e-003	6.166123e-047
585.000000	1.161022	-3.890478	0.000000	9.034929e-004	1.200410e-046
590.000000	1.178342	-3.873158	0.000000	2.107852e-004	2.336937e-046
595.000000	1.195663	-3.855837	0.000000	4.708330e-005	4.549507e-046
600.000000	1.212983	-3.838517	0.000000	1.008102e-005	8.856900e-046
605.000000	1.230304	-3.821196	0.000000	2.071242e-006	1.724246e-045
610.000000	1.247625	-3.803875	0.000000	4.087913e-007	3.356731e-045
615.000000	1.264945	-3.786555	0.000000	7.758026e-008	6.534823e-045
620.000000	1.282266	-3.769234	0.000000	1.417077e-008	1.272188e-044
625.000000	1.299587	-3.751913	0.000000	2.493575e-009	2.476673e-044
630.000000	1.316907	-3.734593	0.000000	4.230710e-010	4.821542e-044
635.000000	1.334228	-3.717272	0.000000	6.926652e-011	9.386493e-044
640.000000	1.351548	-3.699952	0.000000	1.095201e-011	1.827346e-043
645.000000	1.368869	-3.682631	0.000000	1.673590e-012	3.557444e-043
650.000000	1.386190	-3.665310	0.000000	2.473433e-013	6.925570e-043
655.000000	1.403510	-3.647990	0.000000	3.537882e-014	1.348258e-042
660.000000	1.420831	-3.630669	0.000000	4.900744e-015	2.624764e-042
665.000000	1.438152	-3.613348	0.000000	6.578514e-016	5.109844e-042
670.000000	1.455472	-3.596028	0.000000	8.562501e-017	9.947754e-042
675.000000	1.472793	-3.578707	0.000000	1.081259e-017	1.936611e-041
680.000000	1.490113	-3.561387	0.000000	1.325422e-018	3.770160e-041
685.000000	1.507434	-3.544066	0.000000	1.577988e-019	7.339681e-041
690.000000	1.524755	-3.526745	0.000000	1.825573e-020	1.428876e-040
695.000000	1.542075	-3.509425	0.000000	2.053304e-021	2.781710e-040
700.000000	1.559396	-3.492104	0.000000	2.246312e-022	5.415385e-040
705.000000	1.576717	-3.474783	0.000000	2.391370e-023	1.054257e-039
710.000000	1.594037	-3.457463	0.000000	2.478411e-024	2.052410e-039
715.000000	1.611358	-3.440142	0.000000	2.501688e-025	3.995595e-039
720.000000	1.628678	-3.422822	0.000000	2.460385e-026	7.778553e-039
725.000000	1.645999	-3.405501	0.000000	2.358601e-027	1.514315e-038
730.000000	1.663320	-3.388180	0.000000	2.204714e-028	2.948041e-038
735.000000	1.680640	-3.370860	0.000000	2.010281e-029	5.739195e-038
740.000000	1.697961	-3.353539	0.000000	1.788639e-030	1.117296e-037
745.000000	1.715282	-3.336218	0.000000	1.553461e-031	2.175132e-037
750.000000	1.732602	-3.318898	0.000000	1.317452e-032	4.234509e-037
755.000000	1.749923	-3.301577	0.000000	1.091358e-033	8.243667e-037
760.000000	1.767243	-3.284257	0.000000	8.833531e-035	1.604863e-036
765.000000	1.784564	-3.266936	0.000000	6.988260e-036	3.124318e-036
770.000000	1.801885	-3.249615	0.000000	5.405059e-037	6.082367e-036
775.000000	1.819205	-3.232295	0.000000	4.088403e-038	1.184104e-035
780.000000	1.836526	-3.214974	0.000000	3.025178e-039	2.305193e-035
785.000000	1.853847	-3.197653	0.000000	2.190335e-040	4.487709e-035
790.000000	1.871167	-3.180333	0.000000	1.552200e-041	8.736593e-035
795.000000	1.888488	-3.163012	0.000000	1.076899e-042	1.700824e-034
800.000000	1.905808	-3.145692	0.000000	7.316475e-044	3.311135e-034
805.000000	1.923129	-3.128371	0.000000	4.868942e-045	6.446059e-034
810.000000	1.940450	-3.111050	0.000000	3.174514e-046	1.254907e-033
815.000000	1.957770	-3.093730	0.000000	2.028294e-047	2.443031e-033
820.000000	1.975091	-3.076409	0.000000	1.270265e-048	4.756050e-033
825.000000	1.992412	-3.059088	0.000000	7.799454e-050	9.258993e-033
830.000000	2.009732	-3.041768	0.000000	4.696067e-051	1.802524e-032
835.000000	2.027053	-3.024447	0.000000	2.773299e-052	3.509122e-032
840.000000	2.044373	-3.007127	0.000000	1.606723e-053	6.831497e-032
845.000000	2.061694	-2.989806	0.000000	9.133869e-055	1.329944e-031
850.000000	2.079015	-2.972485	0.000000	5.095936e-056	2.589111e-031
855.000000	2.096335	-2.955165	0.000000	2.790822e-057	5.040435e-031
860.000000	2.113656	-2.937844	0.000000	1.500588e-058	9.812630e-031
865.000000	2.130977	-2.920523	0.000000	7.923037e-060	1.910305e-030
870.000000	2.148297	-2.903203	0.000000	4.108673e-061	3.718949e-030
875.000000	2.165618	-2.885882	0.000000	2.092993e-062	7.239983e-030
880.000000	2.182938	-2.868562	0.000000	1.047527e-063	1.409467e-029
885.000000	2.200259	-2.851241	0.000000	5.151907e-065	2.743925e-029
890.000000	2.217580	-2.833920	0.000000	2.490278e-066	5.341825e-029
895.000000	2.234900	-2.816600	0.000000	1.183247e-067	1.039937e-028
900.000000	2.252221	-2.799279	0.000000	5.527387e-069	2.024531e-028
905.000000	2.269542	-2.781958	0.000000	2.538921e-070	3.941321e-028
910.000000	2.286862	-2.764638	0.000000	1.146911e-071	7.672894e-028
915.000000	2.304183	-2.747317	0.000000	5.095971e-073	1.493745e-027
920.000000	2.321503	-2.729997	0.000000	2.227433e-074	2.907997e-027
925.000000	2.338824	-2.712676	0.000000	9.579124e-076	5.661237e-027
930.000000	2.356145	-2.695355	0.000000	4.053702e-077	1.102120e-026
935.000000	2.373465	-2.678035	0.000000	1.688275e-078	2.145587e-026
940.000000	2.390786	-2.660714	0.000000	6.920849e-080	4.176990e-026
945.000000	2.408107	-2.643393	0.000000	2.792921e-081	8.131691e-026
950.000000	2.425427	-2.626073	0.000000	1.109681e-082	1.583063e-025
955.000000	2.442748	-2.608752	0.000000	4.341444e-084	3.081879e-025
960.000000	2.460068	-2.591432	0.000000	1.672715e-085	5.999748e-025
965.000000	2.477389	-2.574111	0.000000	6.347691e-087	1.168020e-024
970.000000	2.494710	-2.556790	0.000000	2.372843e-088	2.273881e-024
975.000000	2.512030	-2.539470	0.000000	8.738443e-090	4.426751e-024
980.000000	2.529351	-2.522149	0.000000	3.170753e-091	8.617921e-024
985.000000	2.546672	-2.504828	0.000000	1.133718e-092	1.677722e-023
990.000000	2.563992	-2.487508	0.000000	3.994949e-094	3.266159e-023
995.000000	2.581313	-2.470187	0.000000	1.387492e-095	6.358499e-023
1000.000000	2.598633	-2.452867	0.000000	4.750191e-097	1.237861e-022
1005.000000	2.615954	-2.435546	0.000000	1.603246e-098	2.409847e-022
1010.000000	2.633275	-2.418225	0.000000	5.335125e-100	4.691447e-022
1015.000000	2.650595	-2.400905	0.000000	1.750614e-101	9.133225e-022
1020.000000	2.667916	-2.383584	0.000000	5.664773e-103	1.778040e-021
1025.000000	2.685237	-2.366263	0.000000	1.807864e-104	3.461457e-021
1030.000000	2.702557	-2.348943	0.000000	5.690941e-106	6.738703e-021
1035.000000	2.719878	-2.331622	0.000000	1.767179e-107	1.311879e-020
1040.000000	2.737198	-2.314302	0.000000	5.413741e-109	2.553942e-020
1045.000000	2.754519	-2.296981	0.000000	1.636353e-110	4.971969e-020
1050.000000	2.771840	-2.279660	0.000000	4.880455e-112	9.679341e-020
1055.000000	2.789160	-2.262340	0.000000	1.436442e-113	1.884357e-019
1060.000000	2.806481	-2.245019	0.000000	4.172538e-115	3.668433e-019
1065.000000	2.823802	-2.227698	0.000000	1.196290e-116	7.141640e-019
1070.000000	2.841122	-2.210378	0.000000	3.385601e-118	1.390322e-018
1075.000000	2.858443	-2.193057	0.000000	9.458805e-120	2.706654e-018
1080.000000	2.875763	-2.175737	0.000000	2.609011e-121	5.269265e-018
1085.000000	2.893084	-2.158416	0.000000	7.105453e-123	1.025811e-017
1090.000000	2.910405	-2.141095	0.000000	1.910825e-124	1.997031e-017
1095.000000	2.927725	-2.123775	0.000000	5.074570e-126	3.887785e-017
1100.000000	2.945046	-2.106454	0.000000	1.330953e-127	7.568670e-017
1105.000000	2.962367	-2.089133	0.000000	3.447837e-129	1.473455e-016
1110.000000	2.979687	-2.071813	0.000000	8.822383e-131	2.868497e-016
1115.000000	2.997008	-2.054492	0.000000	2.230050e-132	5.584338e-016
1120.000000	3.014328	-2.037172	0.000000	5.568864e-134	1.087149e-015
1125.000000	3.031649	-2.019851	0.000000	1.373964e-135	2.116443e-015
1130.000000	3.048970	-2.002530	0.000000	3.349455e-137	4.120253e-015
1135.000000	3.066290	-1.985210	0.000000	8.068543e-139	8.021235e-015
1140.000000	3.083611	-1.967889	0.000000	1.920749e-140	1.561560e-014
1145.000000	3.100932	-1.950568	0.000000	4.518894e-142	3.040017e-014
1150.000000	3.118252	-1.933248	0.000000	1.050779e-143	5.918251e-014
1155.000000	3.135573	-1.915927	0.000000	2.415120e-145	1.152155e-013
1160.000000	3.152893	-1.898607	0.000000	5.487128e-147	2.242994e-013
1165.000000	3.170214	-1.881286	0.000000	1.232425e-148	4.366621e-013
1170.000000	3.187535	-1.863965	0.000000	2.736622e-150	8.500861e-013
1175.000000	3.204855	-1.846645	0.000000	6.008103e-152	1.654932e-012
1180.000000	3.222176	-1.829324	0.000000	1.304239e-153	3.221793e-012
1185.000000	3.239497	-1.812003	0.000000	2.799645e-155	6.272130e-012
1190.000000	3.256817	-1.794683	0.000000	5.942962e-157	1.221047e-011
1195.000000	3.274138	-1.777362	0.000000	1.247629e-158	2.377113e-011
1200.000000	3.291458	-1.760042	0.000000	2.590465e-160	4.627721e-011
1205.000000	3.308779	-1.742721	0.000000	5.319947e-162	9.009165e-011
1210.000000	3.326100	-1.725400	0.000000	1.080690e-163	1.753888e-010
1215.000000	3.343420	-1.708080	0.000000	2.171632e-165	3.414439e-010
1220.000000	3.360741	-1.690759	0.000000	4.317067e-167	6.647168e-010
1225.000000	3.378062	-1.673438	0.000000	8.490528e-169	1.294059e-009
1230.000000	3.395382	-1.656118	0.000000	1.652152e-170	2.519251e-009
1235.000000	3.412703	-1.638797	0.000000	3.180973e-172	4.904433e-009
1240.000000	3.430023	-1.621477	0.000000	6.060243e-174	9.547863e-009
1245.000000	3.447344	-1.604156	0.000000	1.142523e-175	1.858761e-008
1250.000000	3.464665	-1.586835	0.000000	2.131619e-177	3.618603e-008
1255.000000	3.481985	-1.569515	0.000000	3.935936e-179	7.044632e-008
1260.000000	3.499306	-1.552194	0.000000	7.192907e-181	1.371437e-007
1265.000000	3.516627	-1.534873	0.000000	1.301077e-182	2.669888e-007
1270.000000	3.533947	-1.517553	0.000000	2.329520e-184	5.197691e-007
1275.000000	3.551268	-1.500232	0.000000	4.128758e-186	1.011877e-006
1280.000000	3.568588	-1.482912	0.000000	7.244074e-188	1.969905e-006
1285.000000	3.585909	-1.465591	0.000000	1.258296e-189	3.834976e-006
1290.000000	3.603230	-1.448270	0.000000	2.163909e-191	7.465862e-006
1295.000000	3.620550	-1.430950	0.000000	3.684469e-193	1.453441e-005
1300.000000	3.637871	-1.413629	0.000000	6.211758e-195	2.829533e-005
1305.000000	3.655192	-1.396308	0.000000	1.036976e-196	5.508484e-005
1310.000000	3.672512	-1.378988	0.000000	1.714276e-198	1.072382e-004
1315.000000	3.689833	-1.361667	0.000000	2.806387e-200	2.087694e-004
1320.000000	3.707153	-1.344347	0.000000	4.550263e-202	4.064286e-004
1325.000000	3.724474	-1.327026	0.000000	7.306046e-204	7.912280e-004
1330.000000	3.741795	-1.309705	0.000000	1.161936e-205	1.540349e-003
1335.000000	3.759115	-1.292385	0.000000	1.830293e-207	2.998723e-003
1340.000000	3.776436	-1.275064	0.000000	2.856154e-209	5.837861e-003
1345.000000	3.793757	-1.257743	0.000000	4.414728e-211	1.136504e-002
1350.000000	3.811077	-1.240423	0.000000	6.757966e-213	2.212527e-002
1355.000000	3.828398	-1.223102	0.000000	1.024712e-214	4.307308e-002
1360.000000	3.845718	-1.205782	0.000000	1.540971e-216	8.385390e-002
1365.000000	3.863039	-1.188461	0.000000	2.292605e-218	1.632453e-001
1370.000000	3.880360	-1.171140	0.000000	3.381045e-220	3.178030e-001
1375.000000	3.897680	-1.153820	0.000000	4.944910e-222	6.186933e-001
1380.000000	3.915001	-1.136499	0.000000	7.181248e-224	1.204461e+000
1385.000000	3.932322	-1.119178	0.000000	1.023207e-225	2.344824e+000
1390.000000	3.949642	-1.101858	0.000000	1.462272e-227	4.564861e+000
1395.000000	3.966963	-1.084537	0.000000	2.030678e-229	8.886790e+000
1400.000000	3.984283	-1.067217	0.000000	2.925985e-231	1.730065e+001
1405.000000	4.001604	-1.049896	0.000000	4.017089e-233	3.368059e+001
1410.000000	4.018925	-1.032575	0.000000	5.074507e-235	6.556877e+001
1415.000000	4.036245	-1.015255	0.000000	7.767790e-237	1.276481e+002
1420.000000	4.053566	-0.997934	0.000000	9.704165e-239	2.485031e+002
1425.000000	4.070887	-0.980613	0.000000	1.466467e-240	4.837814e+002
1430.000000	4.088207	-0.963293	0.000000	1.147792e-242	9.418171e+002
1435.000000	4.105528	-0.945972	0.000000	4.783041e-244	1.833513e+003
1440.000000	4.122848	-0.928652	0.000000	8.831475e-247	3.569450e+003
1445.000000	4.140169	-0.911331	0.000000	8.833912e-248	6.948942e+003
1450.000000	4.157490	-0.894010	0.000000	7.037336e-250	1.352808e+004
1455.000000	4.174810	-0.876690	0.000000	6.786082e-252	2.633622e+004
1460.000000	4.192131	-0.859369	0.000000	4.717372e-253	5.127089e+004
1465.000000	4.209452	-0.842048	0.000000	2.043426e-254	9.981326e+004
1470.000000	4.226772	-0.824728	0.000000	4.685569e-256	1.943147e+005
1475.000000	4.244093	-0.807407	0.000000	3.273293e-258	3.782884e+005
1480.000000	4.261413	-0.790087	0.000000	1.171599e-258	7.364451e+005
1485.000000	4.278734	-0.772766	0.000000	3.199684e-260	1.433698e+006
1490.000000	4.296055	-0.755445	0.000000	6.183429e-264	2.791098e+006
1495.000000	4.313375	-0.738125	0.000000	2.239476e-264	5.433661e+006
1500.000000	4.330696	-0.720804	0.000000	2.072748e-266	1.057815e+007
1505.000000	4.348017	-0.703483	0.000000	1.698343e-266	2.059336e+007
1510.000000	4.365337	-0.686163	0.000000	3.418066e-269	4.009079e+007
1515.000000	4.382658	-0.668842	0.000000	1.498323e-270	7.804804e+007
1520.000000	4.399978	-0.651522	0.000000	1.176439e-271	1.519425e+008
1525.000000	4.417299	-0.634201	0.000000	7.236519e-273	2.957990e+008
1530.000000	4.434620	-0.616880	0.000000	1.541437e-275	5.758563e+008
1535.000000	4.451940	-0.599560	0.000000	8.717339e-276	1.121067e+009
1540.000000	4.469261	-0.582239	0.000000	1.345725e-277	2.182473e+009
1545.000000	4.486582	-0.564918	0.000000	6.753143e-280	4.248800e+009
1550.000000	4.503902	-0.547598	0.000000	1.628078e-282	8.271488e+009
1555.000000	4.521223	-0.530277	0.000000	3.564104e-284	1.610279e+010
1560.000000	4.538543	-0.512957	0.000000	1.497441e-287	3.134862e+010
1565.000000	4.555864	-0.495636	0.000000	5.763653e-286	6.102894e+010
1570.000000	4.573185	-0.478315	0.000000	2.899388e-288	1.188101e+011
1575.000000	4.590505	-0.460995	0.000000	1.663973e-288	2.312973e+011
1580.000000	4.607826	-0.443674	0.000000	6.777280e-290	4.502855e+011
1585.000000	4.625147	-0.426353	0.000000	1.576322e-291	8.766078e+011
1590.000000	4.642467	-0.409033	0.000000	1.780030e-293	1.706565e+012
1595.000000	4.659788	-0.391712	0.000000	5.531306e-295	3.322310e+012
1600.000000	4.677108	-0.374392	0.000000	6.131549e-298	6.467815e+012
1605.000000	4.694429	-0.357071	0.000000	8.447727e-298	1.259143e+013
1610.000000	4.711750	-0.339750	0.000000	1.728073e-299	2.451279e+013
1615.000000	4.729070	-0.322430	0.000000	2.068100e-301	4.772111e+013
1620.000000	4.746391	-0.305109	0.000000	9.394898e-303	9.290278e+013
1625.000000	4.763712	-0.287788	0.000000	3.705737e-305	1.808622e+014
1630.000000	4.781033	-0.270467	0.000000	2.886660e-307	3.521019e+014
1635.000000	4.798354	-0.253146	0.000000	4.945825e-307	6.854758e+014
1640.000000	4.815675	-0.235825	0.000000	1.280708e-309	1.334510e+015
1645.000000	4.832997	-0.218503	0.000000	3.236649e-310	2.598144e+015
1650.000000	4.850320	-0.201180	0.000000	1.504029e-311	5.058564e+015
1655.000000	4.867646	-0.183854	0.000000	5.917691e-313	9.849983e+015
1660.000000	4.884978	-0.166522	0.000000	1.417374e-314	1.918359e+016
1665.000000	4.902319	-0.149181	0.000000	7.601582e-317	3.737591e+016
1670.000000	4.919680	-0.131820	0.000000	2.768200e-318	7.287529e+016
1675.000000	4.937079	-0.114421	0.000000	6.778581e-321	1.423002e+017
1680.000000	4.954552	-0.096948	0.000000	3.656086e-322	2.786599e+017
1685.000000	4.972171	-0.079329	0.000000	1.976263e-323	5.487545e+017
1690.000000	4.990077	-0.061423	0.000000	0.000000e+000	1.092639e+018
1695.000000	5.008555	-0.042945	0.000000	0.000000e+000	2.223940e+018
1700.000000	5.028196	-0.023304	0.000000	0.000000e+000	4.733717e+018
1705.000000	5.050314	-0.001186	0.000000	0.000000e+000	1.108268e+019
1710.000000	5.078229	0.026729	0.000000	0.000000e+000	3.242860e+019
1715.000000	5.123108	0.071608	0.000000	0.000000e+000	1.822107e+020
1720.000000	5.781247	-0.049953	0.000000	0.000000e+000	1.698508e+018
1730.000000	5.721766	-0.109434	0.000000	0.000000e+000	1.723903e+017
1740.000000	5.662649	-0.168551	0.000000	0.000000e+000	1.774387e+016
1750.000000	5.603570	-0.227630	0.000000	0.000000e+000	1.828987e+015
1760.000000	5.544495	-0.286705	0.000000	0.000000e+000	1.885547e+014
1770.000000	5.485420	-0.345780	0.000000	0.000000e+000	1.943887e+013
1780.000000	5.426345	-0.404855	0.000000	0.000000e+000	2.004035e+012
1790.000000	5.367270	-0.463930	0.000000	0.000000e+000	2.066044e+011
1800.000000	5.308195	-0.523005	0.000000	0.000000e+000	2.129972e+010
1810.000000	5.249120	-0.582080	0.000000	0.000000e+000	2.195878e+009
1820.000000	5.190045	-0.641155	0.000000	0.000000e+000	2.263823e+008
1830.000000	5.130970	-0.700230	0.000000	0.000000e+000	2.333871e+007
1840.000000	5.071895	-0.759305	0.000000	0.000000e+000	2.406086e+006
1850.000000	5.012820	-0.818380	0.000000	0.000000e+000	2.480536e+005
1860.000000	4.953746	-0.877454	0.000000	0.000000e+000	2.557289e+004
1870.000000	4.894671	-0.936529	0.000000	0.000000e+000	2.636417e+003
1880.000000	4.835596	-0.995604	0.000000	0.000000e+000	2.717994e+002
1890.000000	4.776521	-1.054679	0.000000	0.000000e+000	2.802094e+001
1900.000000	4.717446	-1.113754	0.000000	0.000000e+000	2.888797e+000
1910.000000	4.658371	-1.172829	0.000000	0.000000e+000	2.978183e-001
1920.000000	4.599296	-1.231904	0.000000	0.000000e+000	3.070335e-002
1930.000000	4.540221	-1.290979	0.000000	0.000000e+000	3.165337e-003
1940.000000	4.481146	-1.350054	0.000000	0.000000e+000	3.263280e-004
1950.000000	4.422071	-1.409129	0.000000	0.000000e+000	3.364253e-005
1960.000000	4.362996	-1.468204	0.000000	0.000000e+000	3.468350e-006
1970.000000	4.303922	-1.527278	0.000000	0.000000e+000	3.575669e-007
1980.000000	4.244847	-1.586353	0.000000	0.000000e+000	3.686308e-008
1990.000000	4.185772	-1.645428	0.000000	0.000000e+000	3.800370e-009
2000.000000	4.126697	-1.704503	0.000000	0.000000e+000	3.917962e-010
2010.000000	4.067622	-1.763578	0.000000	0.000000e+000	4.039193e-011
2020.000000	4.008547	-1.822653	0.000000	0.000000e+000	4.164174e-012
2030.000000	3.949472	-1.881728	0.000000	0.000000e+000	4.293023e-013
2040.000000	3.890397	-1.940803	0.000000	0.000000e+000	4.425858e-014
2050.000000	3.831322	-1.999878	0.000000	0.000000e+000	4.562804e-015
2060.000000	3.772247	-2.058953	0.000000	0.000000e+000	4.703987e-016
2070.000000	3.713172	-2.118028	0.000000	0.000000e+000	4.849539e-017
2080.000000	3.654097	-2.177103	0.000000	0.000000e+000	4.999595e-018
2090.000000	3.595023	-2.236177	0.000000	0.000000e+000	5.154293e-019
2100.000000	3.535948	-2.295252	0.000000	0.000000e+000	5.313778e-020
2110.000000	3.476873	-2.354327	0.000000	0.000000e+000	5.478198e-021
2120.000000	3.417798	-2.413402	0.000000	0.000000e+000	5.647706e-022
2130.000000	3.358723	-2.472477	0.000000	0.000000e+000	5.822458e-023
2140.000000	3.299648	-2.531552	0.000000	0.000000e+000	6.002618e-024
2150.000000	3.240573	-2.590627	0.000000	0.000000e+000	6.188352e-025
2160.000000	3.181498	-2.649702	0.000000	0.000000e+000	6.379833e-026
2170.000000	3.122423	-2.708777	0.000000	0.000000e+000	6.577240e-027
2180.000000	3.063348	-2.767852	0.000000	0.000000e+000	6.780754e-028
2190.000000	3.004273	-2.826927	0.000000	0.000000e+000	6.990565e-029
2200.000000	2.945199	-2.886001	0.000000	0.000000e+000	7.206869e-030
2210.000000	2.886124	-2.945076	0.000000	0.000000e+000	7.429865e-031
2220.000000	2.827049	-3.004151	0.000000	0.000000e+000	7.659762e-032
2230.000000	2.767974	-3.063226	0.000000	0.000000e+000	7.896772e-033
2240.000000	2.708899	-3.122301	0.000000	0.000000e+000	8.141115e-034
2250.000000	2.649824	-3.181376	0.000000	0.000000e+000	8.393019e-035
2260.000000	2.590749	-3.240451	0.000000	0.000000e+000	8.652718e-036
2270.000000	2.531674	-3.299526	0.000000	0.000000e+000	8.920452e-037
2280.000000	2.472599	-3.358601	0.000000	0.000000e+000	9.196470e-038
2290.000000	2.413524	-3.417676	0.000000	0.000000e+000	9.481029e-039
2300.000000	2.354449	-3.476751	0.000000	0.000000e+000	9.774393e-040
2310.000000	2.295375	-3.535825	0.000000	0.000000e+000	1.007683e-040
2320.000000	2.236300	-3.594900	0.000000	0.000000e+000	1.038863e-041
2330.000000	2.177225	-3.653975	0.000000	0.000000e+000	1.071008e-042
2340.000000	2.118150	-3.713050	0.000000	0.000000e+000	1.104147e-043
2350.000000	2.059075	-3.772125	0.000000	0.000000e+000	1.138312e-044
2360.000000	2.000000	-3.831200	0.000000	0.000000e+000	1.173534e-045
