x	Ec	Ev	Ef	n	p
0.000000	2.500000	-3.223500	0.000000	1.582836e-008	1.660711e-035
2.000000	2.453858	-3.269642	0.000000	1.224618e-009	2.815517e-036
4.000000	2.408223	-3.315277	0.000000	5.338156e-008	4.867312e-037
6.000000	2.363095	-3.360405	0.000000	8.210453e-008	8.579996e-038
8.000000	2.318474	-3.405026	0.000000	2.036390e-008	1.542240e-038
10.000000	2.274360	-3.449140	0.000000	1.728567e-008	2.826726e-039
12.000000	2.230752	-3.492748	0.000000	1.227294e-007	5.283021e-040
14.000000	2.187652	-3.535848	0.000000	1.179443e-007	1.006811e-040
16.000000	2.145058	-3.578442	0.000000	9.304880e-009	1.956503e-041
18.000000	2.102972	-3.620528	0.000000	5.139236e-008	3.876858e-042
20.000000	2.061392	-3.662108	0.000000	1.593259e-007	7.833326e-043
22.000000	2.020319	-3.703181	0.000000	9.658685e-008	1.613910e-043
24.000000	1.979753	-3.743747	0.000000	2.948405e-009	3.390624e-044
26.000000	1.939694	-3.783806	0.000000	7.199393e-008	7.263512e-045
28.000000	1.900142	-3.823358	0.000000	1.504775e-007	1.586648e-045
30.000000	1.861096	-3.862404	0.000000	1.549499e-007	3.534122e-046
32.000000	1.822558	-3.900942	0.000000	3.450401e-007	8.026928e-047
34.000000	1.784526	-3.938974	0.000000	1.196918e-006	1.859020e-047
36.000000	1.747002	-3.976498	0.000000	3.806788e-006	4.390214e-048
38.000000	1.709984	-4.013516	0.000000	1.190351e-005	1.057193e-048
40.000000	1.673473	-4.050027	0.000000	3.706862e-005	2.595911e-049
42.000000	1.637469	-4.086031	0.000000	1.133839e-004	6.499682e-050
44.000000	1.601972	-4.121528	0.000000	3.396280e-004	1.659439e-050
46.000000	1.566982	-4.156518	0.000000	9.969101e-004	4.320138e-051
48.000000	1.532498	-4.191002	0.000000	2.868494e-003	1.146835e-051
50.000000	1.498522	-4.224978	0.000000	8.091573e-003	3.104351e-052
52.000000	1.465052	-4.258448	0.000000	2.238161e-002	8.568558e-053
54.000000	1.432090	-4.291410	0.000000	6.072265e-002	2.411635e-053
56.000000	1.399634	-4.323866	0.000000	1.616365e-001	6.921216e-054
58.000000	1.367685	-4.355815	0.000000	4.222754e-001	2.025443e-054
60.000000	1.336243	-4.387257	0.000000	1.083095e+000	6.044003e-055
62.000000	1.305308	-4.418192	0.000000	2.728379e+000	1.839061e-055
64.000000	1.274880	-4.448620	0.000000	6.752542e+000	5.706038e-056
66.000000	1.244958	-4.478542	0.000000	1.642526e+001	1.805261e-056
68.000000	1.215544	-4.507956	0.000000	3.928215e+001	5.823878e-057
70.000000	1.186637	-4.536863	0.000000	9.239895e+001	1.915806e-057
72.000000	1.158236	-4.565264	0.000000	2.138304e+002	6.426249e-058
74.000000	1.130342	-4.593158	0.000000	4.870047e+002	2.198015e-058
76.000000	1.102955	-4.620545	0.000000	1.091880e+003	7.666029e-059
78.000000	1.076075	-4.647425	0.000000	2.410434e+003	2.726323e-059
80.000000	1.049702	-4.673798	0.000000	5.240582e+003	9.886693e-060
82.000000	1.023836	-4.699664	0.000000	1.122264e+004	3.655878e-060
84.000000	0.998477	-4.725023	0.000000	2.367524e+004	1.378476e-060
86.000000	0.973624	-4.749876	0.000000	4.920559e+004	5.299975e-061
88.000000	0.949279	-4.774221	0.000000	1.007582e+005	2.077855e-061
90.000000	0.925440	-4.798060	0.000000	2.032855e+005	8.306604e-062
92.000000	0.902108	-4.821392	0.000000	4.041099e+005	3.386092e-062
94.000000	0.879284	-4.844216	0.000000	7.915169e+005	1.407476e-062
96.000000	0.856966	-4.866534	0.000000	1.527516e+006	5.965543e-063
98.000000	0.835155	-4.888345	0.000000	2.904497e+006	2.578255e-063
100.000000	0.813850	-4.909650	0.000000	5.441394e+006	1.136237e-063
102.000000	0.793053	-4.930447	0.000000	1.004379e+007	5.105975e-064
104.000000	0.772763	-4.950737	0.000000	1.826536e+007	2.339674e-064
106.000000	0.752979	-4.970521	0.000000	3.272634e+007	1.093198e-064
108.000000	0.733703	-4.989797	0.000000	5.776990e+007	5.208462e-065
110.000000	0.714933	-5.008567	0.000000	1.004704e+008	2.530387e-065
112.000000	0.696670	-5.026830	0.000000	1.721489e+008	1.253520e-065
114.000000	0.678914	-5.044586	0.000000	2.906018e+008	6.332026e-066
116.000000	0.661665	-5.061835	0.000000	4.833020e+008	3.261526e-066
118.000000	0.644923	-5.078577	0.000000	7.918877e+008	1.713034e-066
120.000000	0.628688	-5.094812	0.000000	1.278297e+009	9.174407e-067
122.000000	0.612959	-5.110541	0.000000	2.032927e+009	5.010222e-067
124.000000	0.597738	-5.125762	0.000000	3.185168e+009	2.789991e-067
126.000000	0.583023	-5.140477	0.000000	4.916566e+009	1.584220e-067
128.000000	0.568816	-5.154684	0.000000	7.476686e+009	9.172660e-068
130.000000	0.555115	-5.168385	0.000000	1.120141e+010	5.415541e-068
132.000000	0.541921	-5.181579	0.000000	1.653300e+010	3.260284e-068
134.000000	0.529234	-5.194266	0.000000	2.404054e+010	2.001409e-068
136.000000	0.517054	-5.206446	0.000000	3.443890e+010	1.252804e-068
138.000000	0.505380	-5.218120	0.000000	4.860330e+010	7.996454e-069
140.000000	0.494214	-5.229286	0.000000	6.757595e+010	5.204495e-069
142.000000	0.483555	-5.239945	0.000000	9.256080e+010	3.454035e-069
144.000000	0.473402	-5.250098	0.000000	1.249019e+011	2.337447e-069
146.000000	0.463756	-5.259744	0.000000	1.660411e+011	1.612960e-069
148.000000	0.454617	-5.268883	0.000000	2.174526e+011	1.134939e-069
150.000000	0.445986	-5.277514	0.000000	2.805518e+011	8.143070e-070
152.000000	0.437861	-5.285639	0.000000	3.565798e+011	5.957593e-070
154.000000	0.430242	-5.293258	0.000000	4.464674e+011	4.444474e-070
156.000000	0.423131	-5.300369	0.000000	5.506867e+011	3.380935e-070
158.000000	0.416527	-5.306973	0.000000	6.690994e+011	2.622529e-070
160.000000	0.410429	-5.313071	0.000000	8.008174e+011	2.074295e-070
162.000000	0.404839	-5.318661	0.000000	9.440909e+011	1.672969e-070
164.000000	0.399755	-5.323745	0.000000	1.096239e+012	1.375853e-070
166.000000	0.395178	-5.328322	0.000000	1.253642e+012	1.153780e-070
168.000000	0.391108	-5.332392	0.000000	1.411801e+012	9.865996e-071
170.000000	0.387545	-5.335955	0.000000	1.565478e+012	8.602522e-071
172.000000	0.384489	-5.339011	0.000000	1.708921e+012	7.648523e-071
174.000000	0.381940	-5.341560	0.000000	1.836164e+012	6.934199e-071
176.000000	0.379898	-5.343602	0.000000	1.941412e+012	6.410352e-071
178.000000	0.378362	-5.345138	0.000000	2.019509e+012	6.042747e-071
180.000000	0.377334	-5.346166	0.000000	2.066527e+012	5.808364e-071
182.000000	0.376812	-5.346688	0.000000	2.080584e+012	5.692987e-071
184.000000	0.376797	-5.346703	0.000000	2.063165e+012	5.689753e-071
186.000000	0.377289	-5.346211	0.000000	2.021618e+012	5.798472e-071
188.000000	0.378288	-5.345212	0.000000	1.974394e+012	6.025605e-071
190.000000	0.379794	-5.343706	0.000000	1.962725e+012	6.384908e-071
192.000000	0.381807	-5.341693	0.000000	2.077292e+012	6.898832e-071
194.000000	0.384327	-5.339173	0.000000	2.519958e+012	7.600871e-071
196.000000	0.387353	-5.336147	0.000000	3.747654e+012	8.539217e-071
198.000000	0.390887	-5.332613	0.000000	6.809869e+012	9.782271e-071
200.000000	0.394927	-5.328573	0.000000	1.414487e+013	1.142689e-070
202.000000	0.399474	-5.324026	0.000000	3.146985e+013	1.361080e-070
204.000000	0.404529	-5.318971	0.000000	7.229690e+013	1.653126e-070
206.000000	0.410090	-5.313410	0.000000	1.687952e+014	2.047364e-070
208.000000	0.416157	-5.307343	0.000000	3.980992e+014	2.585537e-070
210.000000	0.792392	-5.487608	0.000000	1.023225e+015	2.520380e-073
210.100000	0.790320	-5.489680	0.000000	1.082640e+015	2.327272e-073
210.200000	0.788247	-5.491753	0.000000	1.145770e+015	2.148960e-073
210.300000	0.786175	-5.493825	0.000000	1.212841e+015	1.984309e-073
210.400000	0.784102	-5.495898	0.000000	1.284091e+015	1.832274e-073
210.500000	0.782030	-5.497970	0.000000	1.359777e+015	1.691888e-073
210.600000	0.779957	-5.500043	0.000000	1.440166e+015	1.562258e-073
210.700000	0.777884	-5.502116	0.000000	1.525545e+015	1.442560e-073
210.800000	0.775812	-5.504188	0.000000	1.616214e+015	1.332033e-073
210.900000	0.773739	-5.506261	0.000000	1.712496e+015	1.229974e-073
211.000000	0.771667	-5.508333	0.000000	1.814729e+015	1.135735e-073
211.100000	0.769594	-5.510406	0.000000	1.923273e+015	1.048717e-073
211.200000	0.767522	-5.512478	0.000000	2.038508e+015	9.683652e-074
211.300000	0.765449	-5.514551	0.000000	2.160838e+015	8.941703e-074
211.400000	0.763377	-5.516623	0.000000	2.290690e+015	8.256601e-074
211.500000	0.761304	-5.518696	0.000000	2.428517e+015	7.623990e-074
211.600000	0.759232	-5.520768	0.000000	2.574796e+015	7.039849e-074
211.700000	0.757159	-5.522841	0.000000	2.730036e+015	6.500465e-074
211.800000	0.755086	-5.524914	0.000000	2.894773e+015	6.002407e-074
211.900000	0.753014	-5.526986	0.000000	3.069576e+015	5.542509e-074
212.000000	0.750941	-5.529059	0.000000	3.255045e+015	5.117848e-074
212.100000	0.748869	-5.531131	0.000000	3.451818e+015	4.725724e-074
212.200000	0.746796	-5.533204	0.000000	3.660569e+015	4.363645e-074
212.300000	0.744724	-5.535276	0.000000	3.882010e+015	4.029307e-074
212.400000	0.742651	-5.537349	0.000000	4.116897e+015	3.720585e-074
212.500000	0.740579	-5.539421	0.000000	4.366027e+015	3.435518e-074
212.600000	0.738506	-5.541494	0.000000	4.630246e+015	3.172292e-074
212.700000	0.736434	-5.543566	0.000000	4.910446e+015	2.929234e-074
212.800000	0.734361	-5.545639	0.000000	5.207574e+015	2.704798e-074
212.900000	0.732288	-5.547712	0.000000	5.522630e+015	2.497559e-074
213.000000	0.730216	-5.549784	0.000000	5.856670e+015	2.306198e-074
213.100000	0.728143	-5.551857	0.000000	6.210814e+015	2.129499e-074
213.200000	0.726071	-5.553929	0.000000	6.586245e+015	1.966338e-074
213.300000	0.723998	-5.556002	0.000000	6.984212e+015	1.815679e-074
213.400000	0.721926	-5.558074	0.000000	7.406039e+015	1.676562e-074
213.500000	0.719853	-5.560147	0.000000	7.853123e+015	1.548105e-074
213.600000	0.717781	-5.562219	0.000000	8.326943e+015	1.429490e-074
213.700000	0.715708	-5.564292	0.000000	8.829061e+015	1.319963e-074
213.800000	0.713635	-5.566365	0.000000	9.361129e+015	1.218828e-074
213.900000	0.711563	-5.568437	0.000000	9.924891e+015	1.125442e-074
214.000000	0.709490	-5.570510	0.000000	1.052219e+016	1.039211e-074
214.100000	0.707418	-5.572582	0.000000	1.115498e+016	9.595866e-075
214.200000	0.705345	-5.574655	0.000000	1.182532e+016	8.860631e-075
214.300000	0.703273	-5.576727	0.000000	1.253539e+016	8.181729e-075
214.400000	0.701200	-5.578800	0.000000	1.328747e+016	7.554844e-075
214.500000	0.699127	-5.580873	0.000000	1.408401e+016	6.975990e-075
214.600000	0.697055	-5.582945	0.000000	1.492757e+016	6.441487e-075
214.700000	0.694982	-5.585018	0.000000	1.582085e+016	5.947938e-075
214.800000	0.692910	-5.587090	0.000000	1.676673e+016	5.492203e-075
214.900000	0.690837	-5.589163	0.000000	1.776821e+016	5.071387e-075
215.000000	0.688764	-5.591236	0.000000	1.882850e+016	4.682813e-075
215.100000	0.686692	-5.593308	0.000000	1.995096e+016	4.324011e-075
215.200000	0.684619	-5.595381	0.000000	2.113915e+016	3.992701e-075
215.300000	0.682547	-5.597453	0.000000	2.239682e+016	3.686775e-075
215.400000	0.680474	-5.599526	0.000000	2.372795e+016	3.404289e-075
215.500000	0.678401	-5.601599	0.000000	2.513671e+016	3.143447e-075
215.600000	0.676329	-5.603671	0.000000	2.662752e+016	2.902590e-075
215.700000	0.674256	-5.605744	0.000000	2.820505e+016	2.680188e-075
215.800000	0.672184	-5.607816	0.000000	2.987420e+016	2.474826e-075
215.900000	0.670111	-5.609889	0.000000	3.164019e+016	2.285199e-075
216.000000	0.668038	-5.611962	0.000000	3.350846e+016	2.110101e-075
216.100000	0.665966	-5.614034	0.000000	3.548482e+016	1.948418e-075
216.200000	0.663893	-5.616107	0.000000	3.757535e+016	1.799124e-075
216.300000	0.661820	-5.618180	0.000000	3.978647e+016	1.661269e-075
216.400000	0.659748	-5.620252	0.000000	4.212498e+016	1.533976e-075
216.500000	0.657675	-5.622325	0.000000	4.459802e+016	1.416437e-075
216.600000	0.655602	-5.624398	0.000000	4.721314e+016	1.307903e-075
216.700000	0.653529	-5.626471	0.000000	4.997828e+016	1.207685e-075
216.800000	0.651457	-5.628543	0.000000	5.290183e+016	1.115146e-075
216.900000	0.649384	-5.630616	0.000000	5.599263e+016	1.029697e-075
217.000000	0.647311	-5.632689	0.000000	5.926001e+016	9.507958e-076
217.100000	0.645239	-5.634761	0.000000	6.271378e+016	8.779397e-076
217.200000	0.643166	-5.636834	0.000000	6.636430e+016	8.106659e-076
217.300000	0.641093	-5.638907	0.000000	7.022248e+016	7.485466e-076
217.400000	0.639020	-5.640980	0.000000	7.429982e+016	6.911870e-076
217.500000	0.636947	-5.643053	0.000000	7.860845e+016	6.382224e-076
217.600000	0.634874	-5.645126	0.000000	8.316113e+016	5.893160e-076
217.700000	0.632802	-5.647198	0.000000	8.797131e+016	5.441568e-076
217.800000	0.630729	-5.649271	0.000000	9.305317e+016	5.024579e-076
217.900000	0.628656	-5.651344	0.000000	9.842164e+016	4.639540e-076
218.000000	0.626583	-5.653417	0.000000	1.040924e+017	4.284003e-076
218.100000	0.624510	-5.655490	0.000000	1.100821e+017	3.955709e-076
218.200000	0.622437	-5.657563	0.000000	1.164082e+017	3.652569e-076
218.300000	0.620364	-5.659636	0.000000	1.230889e+017	3.372657e-076
218.400000	0.618291	-5.661709	0.000000	1.301437e+017	3.114192e-076
218.500000	0.616218	-5.663782	0.000000	1.375929e+017	2.875532e-076
218.600000	0.614145	-5.665855	0.000000	1.454579e+017	2.655159e-076
218.700000	0.612072	-5.667928	0.000000	1.537613e+017	2.451672e-076
218.800000	0.609999	-5.670001	0.000000	1.625269e+017	2.263777e-076
218.900000	0.607926	-5.672074	0.000000	1.717797e+017	2.090279e-076
219.000000	0.605852	-5.674148	0.000000	1.815459e+017	1.930076e-076
219.100000	0.603779	-5.676221	0.000000	1.918533e+017	1.782148e-076
219.200000	0.601706	-5.678294	0.000000	2.027309e+017	1.645556e-076
219.300000	0.599633	-5.680367	0.000000	2.142095e+017	1.519430e-076
219.400000	0.597559	-5.682441	0.000000	2.263212e+017	1.402968e-076
219.500000	0.595486	-5.684514	0.000000	2.390999e+017	1.295431e-076
219.600000	0.593412	-5.686588	0.000000	2.525815e+017	1.196134e-076
219.700000	0.591339	-5.688661	0.000000	2.668032e+017	1.104446e-076
219.800000	0.589265	-5.690735	0.000000	2.818047e+017	1.019784e-076
219.900000	0.587192	-5.692808	0.000000	2.976274e+017	9.416102e-077
220.000000	0.585118	-5.694882	0.000000	3.143149e+017	8.694265e-077
220.100000	0.583044	-5.696956	0.000000	3.319131e+017	8.027743e-077
220.200000	0.580970	-5.699030	0.000000	3.504702e+017	7.412298e-077
220.300000	0.578896	-5.701104	0.000000	3.700369e+017	6.844017e-077
220.400000	0.576822	-5.703178	0.000000	3.906664e+017	6.319285e-077
220.500000	0.574748	-5.705252	0.000000	4.124147e+017	5.834765e-077
220.600000	0.572674	-5.707326	0.000000	4.353407e+017	5.387377e-077
220.700000	0.570600	-5.709400	0.000000	4.595061e+017	4.974276e-077
220.800000	0.568526	-5.711474	0.000000	4.849760e+017	4.592833e-077
220.900000	0.566451	-5.713549	0.000000	5.118185e+017	4.240624e-077
221.000000	0.564377	-5.715623	0.000000	5.401053e+017	3.915408e-077
221.100000	0.562302	-5.717698	0.000000	5.699118e+017	3.615118e-077
221.200000	0.560227	-5.719773	0.000000	6.013170e+017	3.337842e-077
221.300000	0.558152	-5.721848	0.000000	6.344040e+017	3.081818e-077
221.400000	0.556077	-5.723923	0.000000	6.692600e+017	2.845417e-077
221.500000	0.554002	-5.725998	0.000000	7.059765e+017	2.627136e-077
221.600000	0.551927	-5.728073	0.000000	7.446497e+017	2.425585e-077
221.700000	0.549851	-5.730149	0.000000	7.853805e+017	2.239484e-077
221.800000	0.547775	-5.732225	0.000000	8.282749e+017	2.067648e-077
221.900000	0.545700	-5.734300	0.000000	8.734441e+017	1.908984e-077
222.000000	0.543624	-5.736376	0.000000	9.210048e+017	1.762483e-077
222.100000	0.541547	-5.738453	0.000000	9.710794e+017	1.627212e-077
222.200000	0.539471	-5.740529	0.000000	1.023797e+018	1.502312e-077
222.300000	0.537394	-5.742606	0.000000	1.079291e+018	1.386987e-077
222.400000	0.535317	-5.744683	0.000000	1.137704e+018	1.280503e-077
222.500000	0.533240	-5.746760	0.000000	1.199185e+018	1.182184e-077
222.600000	0.531163	-5.748837	0.000000	1.263888e+018	1.091403e-077
222.700000	0.529085	-5.750915	0.000000	1.331977e+018	1.007583e-077
222.800000	0.527007	-5.752993	0.000000	1.403624e+018	9.301901e-078
222.900000	0.524929	-5.755071	0.000000	1.479007e+018	8.587319e-078
223.000000	0.522850	-5.757150	0.000000	1.558316e+018	7.927537e-078
223.100000	0.520771	-5.759229	0.000000	1.641746e+018	7.318353e-078
223.200000	0.518692	-5.761308	0.000000	1.729507e+018	6.755891e-078
223.300000	0.516613	-5.763387	0.000000	1.821813e+018	6.236570e-078
223.400000	0.514533	-5.765467	0.000000	1.918892e+018	5.757083e-078
223.500000	0.512452	-5.767548	0.000000	2.020983e+018	5.314376e-078
223.600000	0.510371	-5.769629	0.000000	2.128336e+018	4.905632e-078
223.700000	0.508290	-5.771710	0.000000	2.241211e+018	4.528247e-078
223.800000	0.506208	-5.773792	0.000000	2.359882e+018	4.179817e-078
223.900000	0.504126	-5.775874	0.000000	2.484637e+018	3.858123e-078
224.000000	0.502043	-5.777957	0.000000	2.615777e+018	3.561115e-078
224.100000	0.499960	-5.780040	0.000000	2.753615e+018	3.286901e-078
224.200000	0.497876	-5.782124	0.000000	2.898482e+018	3.033734e-078
224.300000	0.495792	-5.784208	0.000000	3.050724e+018	2.800000e-078
224.400000	0.493706	-5.786294	0.000000	3.210701e+018	2.584210e-078
224.500000	0.491621	-5.788379	0.000000	3.378793e+018	2.384988e-078
224.600000	0.489534	-5.790466	0.000000	3.555395e+018	2.201063e-078
224.700000	0.487447	-5.792553	0.000000	3.740922e+018	2.031263e-078
224.800000	0.485358	-5.794642	0.000000	3.935809e+018	1.874505e-078
224.900000	0.483269	-5.796731	0.000000	4.140509e+018	1.729789e-078
225.000000	0.481180	-5.798820	0.000000	4.355498e+018	1.596191e-078
225.100000	0.479089	-5.800911	0.000000	4.581274e+018	1.472859e-078
225.200000	0.476997	-5.803003	0.000000	4.818355e+018	1.359005e-078
225.300000	0.474904	-5.805096	0.000000	5.067288e+018	1.253903e-078
225.400000	0.472810	-5.807190	0.000000	5.328641e+018	1.156882e-078
225.500000	0.470715	-5.809285	0.000000	5.603010e+018	1.067321e-078
225.600000	0.468619	-5.811381	0.000000	5.891016e+018	9.846479e-079
225.700000	0.466522	-5.813478	0.000000	6.193312e+018	9.083351e-079
225.800000	0.464423	-5.815577	0.000000	6.510577e+018	8.378943e-079
225.900000	0.462323	-5.817677	0.000000	6.843524e+018	7.728750e-079
226.000000	0.460221	-5.819779	0.000000	7.192896e+018	7.128612e-079
226.100000	0.458118	-5.821882	0.000000	7.559470e+018	6.574688e-079
226.200000	0.456013	-5.823987	0.000000	7.944058e+018	6.063431e-079
226.300000	0.453907	-5.826093	0.000000	8.347511e+018	5.591567e-079
226.400000	0.451799	-5.828201	0.000000	8.770713e+018	5.156073e-079
226.500000	0.449689	-5.830311	0.000000	9.214593e+018	4.754155e-079
226.600000	0.447577	-5.832423	0.000000	9.680117e+018	4.383237e-079
226.700000	0.445463	-5.834537	0.000000	1.016830e+019	4.040937e-079
226.800000	0.443346	-5.836654	0.000000	1.068019e+019	3.725059e-079
226.900000	0.441228	-5.838772	0.000000	1.121689e+019	3.433574e-079
227.000000	0.439107	-5.840893	0.000000	1.177956e+019	3.164606e-079
227.100000	0.436984	-5.843016	0.000000	1.236939e+019	2.916427e-079
227.200000	0.434858	-5.845142	0.000000	1.298765e+019	2.687439e-079
227.300000	0.432729	-5.847271	0.000000	1.363563e+019	2.476168e-079
227.400000	0.430597	-5.849403	0.000000	1.431471e+019	2.281251e-079
227.500000	0.428462	-5.851538	0.000000	1.502631e+019	2.101432e-079
227.600000	0.426324	-5.853676	0.000000	1.577192e+019	1.935548e-079
227.700000	0.424183	-5.855817	0.000000	1.655308e+019	1.782530e-079
227.800000	0.422038	-5.857962	0.000000	1.737143e+019	1.641386e-079
227.900000	0.419890	-5.860110	0.000000	1.822863e+019	1.511204e-079
228.000000	0.417737	-5.862263	0.000000	1.912647e+019	1.391139e-079
228.100000	0.415581	-5.864419	0.000000	2.006676e+019	1.280413e-079
228.200000	0.413420	-5.866580	0.000000	2.105143e+019	1.178307e-079
228.300000	0.411255	-5.868745	0.000000	2.208247e+019	1.084157e-079
228.400000	0.409085	-5.870915	0.000000	2.316196e+019	9.973490e-080
228.500000	0.406910	-5.873090	0.000000	2.429206e+019	9.173183e-080
228.600000	0.404730	-5.875270	0.000000	2.547503e+019	8.435418e-080
228.700000	0.402545	-5.877455	0.000000	2.671322e+019	7.755374e-080
228.800000	0.400354	-5.879646	0.000000	2.800909e+019	7.128595e-080
228.900000	0.398157	-5.881843	0.000000	2.936518e+019	6.550972e-080
229.000000	0.395954	-5.884046	0.000000	3.078415e+019	6.018707e-080
229.100000	0.393744	-5.886256	0.000000	3.226877e+019	5.528296e-080
229.200000	0.391527	-5.888473	0.000000	3.382192e+019	5.076505e-080
229.300000	0.389303	-5.890697	0.000000	3.544660e+019	4.660347e-080
229.400000	0.387072	-5.892928	0.000000	3.714593e+019	4.277064e-080
229.500000	0.384833	-5.895167	0.000000	3.892316e+019	3.924111e-080
229.600000	0.382585	-5.897415	0.000000	4.078166e+019	3.599139e-080
229.700000	0.380329	-5.899671	0.000000	4.272496e+019	3.299978e-080
229.800000	0.378064	-5.901936	0.000000	4.475670e+019	3.024627e-080
229.900000	0.375789	-5.904211	0.000000	4.688070e+019	2.771237e-080
230.000000	-0.442556	-5.494056	0.000000	4.050824e+019	1.966779e-073
240.000000	-0.178013	-5.229513	0.000000	7.549531e+019	5.159306e-069
250.000000	-0.071390	-5.122890	0.000000	2.481756e+019	3.115816e-067
260.000000	-0.016684	-5.068184	0.000000	6.547323e+018	2.554818e-066
270.000000	0.024324	-5.027176	0.000000	2.033790e+018	1.236953e-065
280.000000	0.061078	-4.990422	0.000000	6.611710e+017	5.084796e-065
290.000000	0.096448	-4.955052	0.000000	1.992171e+017	1.981931e-064
300.000000	0.131402	-4.920098	0.000000	5.591854e+016	7.602237e-064
310.000000	0.166239	-4.885261	0.000000	1.510345e+016	2.902954e-063
320.000000	0.201044	-4.850456	0.000000	4.009744e+015	1.107162e-062
330.000000	0.235840	-4.815660	0.000000	1.056813e+015	4.221260e-062
340.000000	0.270635	-4.780865	0.000000	2.777033e+014	1.609296e-061
350.000000	0.305429	-4.746071	0.000000	7.288879e+013	6.135080e-061
360.000000	0.340222	-4.711278	0.000000	1.912325e+013	2.338848e-060
370.000000	0.375016	-4.676484	0.000000	5.016544e+012	8.916265e-060
380.000000	0.409810	-4.641690	0.000000	1.315922e+012	3.399099e-059
390.000000	0.444603	-4.606897	0.000000	3.451841e+011	1.295820e-058
400.000000	0.479397	-4.572103	0.000000	9.054616e+010	4.939982e-058
410.000000	0.514191	-4.537309	0.000000	2.375138e+010	1.883242e-057
420.000000	0.548984	-4.502516	0.000000	6.230281e+009	7.179380e-057
430.000000	0.583778	-4.467722	0.000000	1.634279e+009	2.736955e-056
440.000000	0.618572	-4.432928	0.000000	4.286906e+008	1.043394e-055
450.000000	0.653365	-4.398135	0.000000	1.124505e+008	3.977675e-055
460.000000	0.688159	-4.363341	0.000000	2.949630e+007	1.516387e-054
470.000000	0.722953	-4.328547	0.000000	7.736829e+006	5.780838e-054
480.000000	0.757747	-4.293753	0.000000	2.029217e+006	2.203797e-053
490.000000	0.792540	-4.258960	0.000000	5.321695e+005	8.401414e-053
500.000000	0.827334	-4.224166	0.000000	1.388898e+005	3.202825e-052
510.000000	0.862128	-4.189372	0.000000	3.645407e+004	1.220995e-051
520.000000	0.896921	-4.154579	0.000000	9.955612e+003	4.654732e-051
530.000000	0.931715	-4.119785	0.000000	2.718563e+003	1.774498e-050
540.000000	0.966509	-4.084991	0.000000	6.609915e+002	6.764820e-050
550.000000	1.001302	-4.050198	0.000000	1.317988e+002	2.578915e-049
560.000000	1.036096	-4.015404	0.000000	2.101759e+001	9.831455e-049
570.000000	1.070890	-3.980610	0.000000	2.692379e+000	3.747991e-048
580.000000	1.105683	-3.945817	0.000000	2.810529e-001	1.428826e-047
590.000000	1.140477	-3.911023	0.000000	2.429569e-002	5.447035e-047
600.000000	1.175271	-3.876229	0.000000	1.765822e-003	2.076543e-046
610.000000	1.210064	-3.841436	0.000000	1.093741e-004	7.916290e-046
620.000000	1.244858	-3.806642	0.000000	5.842210e-006	3.017884e-045
630.000000	1.279652	-3.771848	0.000000	2.719116e-007	1.150491e-044
640.000000	1.314445	-3.737055	0.000000	1.112752e-008	4.385954e-044
650.000000	1.349239	-3.702261	0.000000	4.035977e-010	1.672033e-043
660.000000	1.384033	-3.667467	0.000000	1.306589e-011	6.374199e-043
670.000000	1.418826	-3.632674	0.000000	3.799208e-013	2.430001e-042
680.000000	1.453620	-3.597880	0.000000	9.978141e-015	9.263757e-042
690.000000	1.488414	-3.563086	0.000000	2.379047e-016	3.531571e-041
700.000000	1.523207	-3.528293	0.000000	5.172955e-018	1.346321e-040
710.000000	1.558001	-3.493499	0.000000	1.030055e-019	5.132506e-040
720.000000	1.592795	-3.458705	0.000000	1.885452e-021	1.956637e-039
730.000000	1.627588	-3.423912	0.000000	3.183559e-023	7.459179e-039
740.000000	1.662382	-3.389118	0.000000	4.974397e-025	2.843622e-038
750.000000	1.697176	-3.354324	0.000000	7.214056e-027	1.084058e-037
760.000000	1.731969	-3.319531	0.000000	9.736793e-029	4.132695e-037
770.000000	1.766763	-3.284737	0.000000	1.226171e-030	1.575485e-036
780.000000	1.801557	-3.249943	0.000000	1.444142e-032	6.006133e-036
790.000000	1.836350	-3.215150	0.000000	1.594226e-034	2.289685e-035
800.000000	1.871144	-3.180356	0.000000	1.652973e-036	8.728839e-035
810.000000	1.905938	-3.145562	0.000000	1.612862e-038	3.327647e-034
820.000000	1.940731	-3.110769	0.000000	1.483654e-040	1.268581e-033
830.000000	1.975525	-3.075975	0.000000	1.288887e-042	4.836139e-033
840.000000	2.010319	-3.041181	0.000000	1.059117e-044	1.843655e-032
850.000000	2.045112	-3.006388	0.000000	8.244817e-047	7.028463e-032
860.000000	2.079906	-2.971594	0.000000	6.089087e-049	2.679422e-031
870.000000	2.114700	-2.936800	0.000000	4.272188e-051	1.021461e-030
880.000000	2.149493	-2.902007	0.000000	2.851270e-053	3.894061e-030
890.000000	2.184287	-2.867213	0.000000	1.812387e-055	1.484511e-029
900.000000	2.219081	-2.832419	0.000000	1.098493e-057	5.659320e-029
910.000000	2.253874	-2.797626	0.000000	6.355676e-060	2.157471e-028
920.000000	2.288668	-2.762832	0.000000	3.514043e-062	8.224809e-028
930.000000	2.323462	-2.728038	0.000000	1.858552e-064	3.135498e-027
940.000000	2.358255	-2.693245	0.000000	9.412110e-067	1.195329e-026
950.000000	2.393049	-2.658451	0.000000	4.568224e-069	4.556886e-026
960.000000	2.427843	-2.623657	0.000000	2.126880e-071	1.737196e-025
970.000000	2.462636	-2.588864	0.000000	9.507021e-074	6.622618e-025
980.000000	2.497430	-2.554070	0.000000	4.083266e-076	2.524704e-024
990.000000	2.532224	-2.519276	0.000000	1.686453e-078	9.624790e-024
1000.000000	2.567018	-2.484482	0.000000	6.703056e-081	3.669206e-023
1010.000000	2.601811	-2.449689	0.000000	2.565778e-083	1.398791e-022
1020.000000	2.636605	-2.414895	0.000000	9.464921e-086	5.332534e-022
1030.000000	2.671399	-2.380101	0.000000	3.367130e-088	2.032892e-021
1040.000000	2.706192	-2.345308	0.000000	1.155925e-090	7.749883e-021
1050.000000	2.740986	-2.310514	0.000000	3.831765e-093	2.954445e-020
1060.000000	2.775780	-2.275720	0.000000	1.227244e-095	1.126307e-019
1070.000000	2.810573	-2.240927	0.000000	3.799953e-098	4.293757e-019
1080.000000	2.845367	-2.206133	0.000000	1.138118e-100	1.636885e-018
1090.000000	2.880161	-2.171339	0.000000	3.299088e-103	6.240208e-018
1100.000000	2.914954	-2.136546	0.000000	9.260506e-106	2.378920e-017
1110.000000	2.949748	-2.101752	0.000000	2.518395e-108	9.069025e-017
1120.000000	2.984542	-2.066958	0.000000	6.638567e-111	3.457334e-016
1130.000000	3.019335	-2.032165	0.000000	1.697050e-113	1.318020e-015
1140.000000	3.054129	-1.997371	0.000000	4.209128e-116	5.024617e-015
1150.000000	3.088923	-1.962577	0.000000	1.013504e-118	1.915507e-014
1160.000000	3.123716	-1.927784	0.000000	2.369275e-121	7.302381e-014
1170.000000	3.158510	-1.892990	0.000000	5.380555e-124	2.783846e-013
1180.000000	3.193304	-1.858196	0.000000	1.188204e-126	1.061270e-012
1190.000000	3.228097	-1.823403	0.000000	2.550187e-129	4.045822e-012
1200.000000	3.262891	-1.788609	0.000000	5.325318e-132	1.542367e-011
1210.000000	3.297685	-1.753815	0.000000	1.081698e-134	5.879879e-011
1220.000000	3.332478	-1.719022	0.000000	2.141304e-137	2.241554e-010
1230.000000	3.367272	-1.684228	0.000000	4.120134e-140	8.545351e-010
1240.000000	3.402066	-1.649434	0.000000	7.734006e-143	3.257697e-009
1250.000000	3.436859	-1.614641	0.000000	1.413402e-145	1.241914e-008
1260.000000	3.471653	-1.579847	0.000000	2.513382e-148	4.734480e-008
1270.000000	3.506447	-1.545053	0.000000	4.367624e-151	1.804900e-007
1280.000000	3.541240	-1.510260	0.000000	7.407390e-154	6.880719e-007
1290.000000	3.576034	-1.475466	0.000000	1.252957e-156	2.623098e-006
1300.000000	3.610828	-1.440672	0.000000	2.055903e-159	9.999893e-006
1310.000000	3.645621	-1.405879	0.000000	3.104983e-162	3.812204e-005
1320.000000	3.680415	-1.371085	0.000000	4.806955e-165	1.453306e-004
1330.000000	3.715209	-1.336291	0.000000	7.710970e-168	5.540356e-004
1340.000000	3.750002	-1.301498	0.000000	1.127535e-170	2.112119e-003
1350.000000	3.784796	-1.266704	0.000000	1.553075e-173	8.051916e-003
1360.000000	3.819590	-1.231910	0.000000	2.455679e-176	3.069588e-002
1370.000000	3.854383	-1.197117	0.000000	2.911064e-179	1.170202e-001
1380.000000	3.889177	-1.162323	0.000000	1.250064e-181	4.461096e-001
1390.000000	3.923971	-1.127529	0.000000	2.366356e-184	1.700679e+000
1400.000000	3.958764	-1.092736	0.000000	6.856907e-188	6.483405e+000
1410.000000	3.993558	-1.057942	0.000000	8.403692e-191	2.471633e+001
1420.000000	4.028352	-1.023148	0.000000	1.512549e-192	9.422469e+001
1430.000000	4.063145	-0.988355	0.000000	2.725752e-195	3.592076e+002
1440.000000	4.097939	-0.953561	0.000000	2.692750e-199	1.369387e+003
1450.000000	4.132733	-0.918767	0.000000	1.672673e-202	5.220439e+003
1460.000000	4.167526	-0.883974	0.000000	1.435568e-204	1.990159e+004
1470.000000	4.202320	-0.849180	0.000000	2.576515e-206	7.586974e+004
1480.000000	4.237114	-0.814386	0.000000	2.283007e-210	2.892340e+005
1490.000000	4.271907	-0.779593	0.000000	1.264696e-211	1.102631e+006
1500.000000	4.306701	-0.744799	0.000000	1.715255e-216	4.203499e+006
1510.000000	4.341495	-0.710005	0.000000	2.110136e-218	1.602477e+007
1520.000000	4.376289	-0.675211	0.000000	5.867692e-221	6.109033e+007
1530.000000	4.411082	-0.640418	0.000000	5.209491e-223	2.328913e+008
1540.000000	4.445876	-0.605624	0.000000	6.674530e-226	8.878386e+008
1550.000000	4.480670	-0.570830	0.000000	1.736876e-229	3.384658e+009
1560.000000	4.515463	-0.536037	0.000000	5.816892e-232	1.290315e+010
1570.000000	4.550257	-0.501243	0.000000	4.430186e-235	4.918995e+010
1580.000000	4.585051	-0.466449	0.000000	4.089910e-237	1.875241e+011
1590.000000	4.619844	-0.431656	0.000000	1.914094e-241	7.148879e+011
1600.000000	4.654638	-0.396862	0.000000	6.986845e-245	2.725328e+012
1610.000000	4.689432	-0.362068	0.000000	1.636947e-246	1.038962e+013
1620.000000	4.724225	-0.327275	0.000000	6.347542e-251	3.960782e+013
1630.000000	4.759019	-0.292481	0.000000	1.138177e-251	1.509954e+014
1640.000000	4.793813	-0.257687	0.000000	2.869550e-255	5.756407e+014
1650.000000	4.828608	-0.222892	0.000000	9.246516e-259	2.194621e+015
1660.000000	4.863408	-0.188092	0.000000	2.689308e-262	8.368436e+015
1670.000000	4.898226	-0.153274	0.000000	2.462642e-264	3.193167e+016
1680.000000	4.933110	-0.118390	0.000000	2.626548e-266	1.221560e+017
1690.000000	4.968250	-0.083250	0.000000	7.080421e-270	4.719303e+017
1700.000000	5.004377	-0.047123	0.000000	5.796957e-273	1.893807e+018
1710.000000	5.044467	-0.007033	0.000000	2.576805e-275	8.850878e+018
1720.000000	5.103078	0.051578	0.000000	1.160497e-278	8.433235e+019
1730.000000	5.856094	0.024894	0.000000	1.297396e-281	3.021917e+019
1735.000000	5.826070	-0.005130	0.000000	1.243601e-285	9.522893e+018
1740.000000	5.801081	-0.030119	0.000000	1.009225e-285	3.642187e+018
1745.000000	5.778018	-0.053182	0.000000	1.240798e-288	1.500112e+018
1750.000000	5.755748	-0.075452	0.000000	1.908115e-291	6.369924e+017
1755.000000	5.733815	-0.097385	0.000000	3.909288e-293	2.740127e+017
1760.000000	5.712026	-0.119174	0.000000	2.043374e-294	1.185298e+017
1765.000000	5.690301	-0.140899	0.000000	1.668020e-299	5.139618e+016
1770.000000	5.668602	-0.162598	0.000000	1.142249e-295	2.230942e+016
1775.000000	5.646916	-0.184284	0.000000	3.108096e-295	9.688192e+015
1780.000000	5.625234	-0.205966	0.000000	1.068334e-297	4.208068e+015
1785.000000	5.603555	-0.227645	0.000000	3.317864e-297	1.827932e+015
1790.000000	5.581877	-0.249323	0.000000	2.680464e-302	7.940600e+014
1795.000000	5.560199	-0.271001	0.000000	9.456778e-303	3.449480e+014
1800.000000	5.538521	-0.292679	0.000000	9.161227e-304	1.498501e+014
1805.000000	5.516843	-0.314357	0.000000	1.523674e-303	6.509712e+013
1810.000000	5.495166	-0.336034	0.000000	2.143759e-305	2.827920e+013
1815.000000	5.473488	-0.357712	0.000000	4.836226e-310	1.228493e+013
1820.000000	5.451811	-0.379389	0.000000	1.576975e-308	5.336768e+012
1825.000000	5.430133	-0.401067	0.000000	1.652288e-308	2.318377e+012
1830.000000	5.408456	-0.422744	0.000000	7.800738e-311	1.007140e+012
1835.000000	5.386778	-0.444422	0.000000	5.913720e-313	4.375175e+011
1840.000000	5.365100	-0.466100	0.000000	3.562799e-314	1.900646e+011
1845.000000	5.343423	-0.487777	0.000000	4.878683e-315	8.256708e+010
1850.000000	5.321745	-0.509455	0.000000	5.279585e-320	3.586846e+010
1855.000000	5.300068	-0.531132	0.000000	5.239764e-319	1.558183e+010
1860.000000	5.278390	-0.552810	0.000000	4.644217e-322	6.768994e+009
1865.000000	5.256713	-0.574487	0.000000	1.447612e-321	2.940559e+009
1870.000000	5.235035	-0.596165	0.000000	4.940656e-324	1.277426e+009
1875.000000	5.213357	-0.617843	0.000000	9.881313e-324	5.549340e+008
1880.000000	5.191680	-0.639520	0.000000	0.000000e+000	2.410722e+008
1885.000000	5.170002	-0.661198	0.000000	0.000000e+000	1.047256e+008
1890.000000	5.148325	-0.682875	0.000000	0.000000e+000	4.549447e+007
1895.000000	5.126647	-0.704553	0.000000	0.000000e+000	1.976352e+007
1900.000000	5.104970	-0.726230	0.000000	0.000000e+000	8.585589e+006
1905.000000	5.083292	-0.747908	0.000000	0.000000e+000	3.729716e+006
1910.000000	5.061614	-0.769586	0.000000	0.000000e+000	1.620248e+006
1915.000000	5.039937	-0.791263	0.000000	0.000000e+000	7.038616e+005
1920.000000	5.018259	-0.812941	0.000000	0.000000e+000	3.057687e+005
1925.000000	4.996582	-0.834618	0.000000	0.000000e+000	1.328308e+005
1930.000000	4.974904	-0.856296	0.000000	0.000000e+000	5.770381e+004
1935.000000	4.953227	-0.877973	0.000000	0.000000e+000	2.506746e+004
1940.000000	4.931549	-0.899651	0.000000	0.000000e+000	1.088970e+004
1945.000000	4.909871	-0.921329	0.000000	0.000000e+000	4.730660e+003
1950.000000	4.888194	-0.943006	0.000000	0.000000e+000	2.055074e+003
1955.000000	4.866516	-0.964684	0.000000	0.000000e+000	8.927569e+002
1960.000000	4.844839	-0.986361	0.000000	0.000000e+000	3.878278e+002
1965.000000	4.823161	-1.008039	0.000000	0.000000e+000	1.684786e+002
1970.000000	4.801483	-1.029717	0.000000	0.000000e+000	7.318978e+001
1975.000000	4.779806	-1.051394	0.000000	0.000000e+000	3.179481e+001
1980.000000	4.758128	-1.073072	0.000000	0.000000e+000	1.381217e+001
1985.000000	4.736451	-1.094749	0.000000	0.000000e+000	6.000227e+000
1990.000000	4.714773	-1.116427	0.000000	0.000000e+000	2.606594e+000
1995.000000	4.693096	-1.138104	0.000000	0.000000e+000	1.132346e+000
2000.000000	4.671418	-1.159782	0.000000	0.000000e+000	4.919091e-001
2005.000000	4.649740	-1.181460	0.000000	0.000000e+000	2.136932e-001
2010.000000	4.628063	-1.203137	0.000000	0.000000e+000	9.283171e-002
2015.000000	4.606385	-1.224815	0.000000	0.000000e+000	4.032757e-002
2020.000000	4.584708	-1.246492	0.000000	0.000000e+000	1.751894e-002
2025.000000	4.563030	-1.268170	0.000000	0.000000e+000	7.610507e-003
2030.000000	4.541353	-1.289847	0.000000	0.000000e+000	3.306125e-003
2035.000000	4.519675	-1.311525	0.000000	0.000000e+000	1.436233e-003
2040.000000	4.497997	-1.333203	0.000000	0.000000e+000	6.239227e-004
2045.000000	4.476320	-1.354880	0.000000	0.000000e+000	2.710420e-004
2050.000000	4.454642	-1.376558	0.000000	0.000000e+000	1.177449e-004
2055.000000	4.432965	-1.398235	0.000000	0.000000e+000	5.115028e-005
2060.000000	4.411287	-1.419913	0.000000	0.000000e+000	2.222050e-005
2065.000000	4.389610	-1.441590	0.000000	0.000000e+000	9.652937e-006
2070.000000	4.367932	-1.463268	0.000000	0.000000e+000	4.193390e-006
2075.000000	4.346254	-1.484946	0.000000	0.000000e+000	1.821675e-006
2080.000000	4.324577	-1.506623	0.000000	0.000000e+000	7.913647e-007
2085.000000	4.302899	-1.528301	0.000000	0.000000e+000	3.437815e-007
2090.000000	4.281222	-1.549978	0.000000	0.000000e+000	1.493441e-007
2095.000000	4.259544	-1.571656	0.000000	0.000000e+000	6.487747e-008
2100.000000	4.237867	-1.593333	0.000000	0.000000e+000	2.818381e-008
2105.000000	4.216189	-1.615011	0.000000	0.000000e+000	1.224349e-008
2110.000000	4.194511	-1.636689	0.000000	0.000000e+000	5.318769e-009
2115.000000	4.172834	-1.658366	0.000000	0.000000e+000	2.310558e-009
2120.000000	4.151156	-1.680044	0.000000	0.000000e+000	1.003743e-009
2125.000000	4.129479	-1.701721	0.000000	0.000000e+000	4.360420e-010
2130.000000	4.107801	-1.723399	0.000000	0.000000e+000	1.894236e-010
2135.000000	4.086124	-1.745076	0.000000	0.000000e+000	8.228863e-011
2140.000000	4.064446	-1.766754	0.000000	0.000000e+000	3.574749e-011
2145.000000	4.042768	-1.788432	0.000000	0.000000e+000	1.552928e-011
2150.000000	4.021091	-1.810109	0.000000	0.000000e+000	6.746167e-012
2155.000000	3.999413	-1.831787	0.000000	0.000000e+000	2.930642e-012
2160.000000	3.977736	-1.853464	0.000000	0.000000e+000	1.273118e-012
2165.000000	3.956058	-1.875142	0.000000	0.000000e+000	5.530626e-013
2170.000000	3.934381	-1.896819	0.000000	0.000000e+000	2.402592e-013
2175.000000	3.912703	-1.918497	0.000000	0.000000e+000	1.043724e-013
2180.000000	3.891025	-1.940175	0.000000	0.000000e+000	4.534104e-014
2185.000000	3.869348	-1.961852	0.000000	0.000000e+000	1.969687e-014
2190.000000	3.847670	-1.983530	0.000000	0.000000e+000	8.556634e-015
2195.000000	3.825993	-2.005207	0.000000	0.000000e+000	3.717138e-015
2200.000000	3.804315	-2.026885	0.000000	0.000000e+000	1.614784e-015
2205.000000	3.782638	-2.048562	0.000000	0.000000e+000	7.014879e-016
2210.000000	3.760960	-2.070240	0.000000	0.000000e+000	3.047375e-016
2215.000000	3.739282	-2.091918	0.000000	0.000000e+000	1.323828e-016
2220.000000	3.717605	-2.113595	0.000000	0.000000e+000	5.750921e-017
2225.000000	3.695927	-2.135273	0.000000	0.000000e+000	2.498292e-017
2230.000000	3.674250	-2.156950	0.000000	0.000000e+000	1.085298e-017
2235.000000	3.652572	-2.178628	0.000000	0.000000e+000	4.714706e-018
2240.000000	3.630894	-2.200306	0.000000	0.000000e+000	2.048143e-018
2245.000000	3.609217	-2.221983	0.000000	0.000000e+000	8.897461e-019
2250.000000	3.587539	-2.243661	0.000000	0.000000e+000	3.865199e-019
2255.000000	3.565862	-2.265338	0.000000	0.000000e+000	1.679104e-019
2260.000000	3.544184	-2.287016	0.000000	0.000000e+000	7.294295e-020
2265.000000	3.522507	-2.308693	0.000000	0.000000e+000	3.168758e-020
2270.000000	3.500829	-2.330371	0.000000	0.000000e+000	1.376559e-020
2275.000000	3.479151	-2.352049	0.000000	0.000000e+000	5.979991e-021
2280.000000	3.457474	-2.373726	0.000000	0.000000e+000	2.597803e-021
2285.000000	3.435796	-2.395404	0.000000	0.000000e+000	1.128527e-021
2290.000000	3.414119	-2.417081	0.000000	0.000000e+000	4.902502e-022
2295.000000	3.392441	-2.438759	0.000000	0.000000e+000	2.129725e-022
2300.000000	3.370764	-2.460436	0.000000	0.000000e+000	9.251864e-023
2305.000000	3.349086	-2.482114	0.000000	0.000000e+000	4.019157e-023
2310.000000	3.327408	-2.503792	0.000000	0.000000e+000	1.745986e-023
2315.000000	3.305731	-2.525469	0.000000	0.000000e+000	7.584841e-024
2320.000000	3.284053	-2.547147	0.000000	0.000000e+000	3.294976e-024
2325.000000	3.262376	-2.568824	0.000000	0.000000e+000	1.431390e-024
2330.000000	3.240698	-2.590502	0.000000	0.000000e+000	6.218186e-025
2335.000000	3.219021	-2.612179	0.000000	0.000000e+000	2.701279e-025
2340.000000	3.197343	-2.633857	0.000000	0.000000e+000	1.173479e-025
2345.000000	3.175665	-2.655535	0.000000	0.000000e+000	5.097778e-026
2350.000000	3.153988	-2.677212	0.000000	0.000000e+000	2.214556e-026
2355.000000	3.132310	-2.698890	0.000000	0.000000e+000	9.620383e-027
2360.000000	3.110633	-2.720567	0.000000	0.000000e+000	4.179248e-027
2365.000000	3.088955	-2.742245	0.000000	0.000000e+000	1.815532e-027
2370.000000	3.067278	-2.763922	0.000000	0.000000e+000	7.886959e-028
2375.000000	3.045600	-2.785600	0.000000	0.000000e+000	3.426221e-028
