x	Ec	Ev	Ef	n	p
0.000000	2.500000	-3.223500	0.000000	5.025990e-006	1.660711e-035
5.000000	2.385924	-3.337576	0.000000	3.222207e-007	2.064454e-037
10.000000	2.275015	-3.448485	0.000000	1.109906e-005	2.898806e-039
15.000000	2.167272	-3.556228	0.000000	1.727431e-005	4.597486e-041
20.000000	2.062694	-3.660806	0.000000	1.025889e-005	8.235572e-043
25.000000	1.961281	-3.762219	0.000000	4.558381e-007	1.666189e-044
30.000000	1.863031	-3.860469	0.000000	9.230088e-007	3.807125e-046
35.000000	1.767944	-3.955556	0.000000	1.122894e-005	9.824218e-048
40.000000	1.676019	-4.047481	0.000000	4.636172e-005	2.862944e-049
45.000000	1.587255	-4.136245	0.000000	6.340872e-004	9.421680e-051
50.000000	1.501651	-4.221849	0.000000	8.239432e-003	3.501317e-052
55.000000	1.419206	-4.304294	0.000000	9.626349e-002	1.469298e-053
60.000000	1.339921	-4.383579	0.000000	1.011496e+000	6.962292e-055
65.000000	1.263793	-4.459707	0.000000	9.581536e+000	3.725181e-056
70.000000	1.190823	-4.532677	0.000000	8.199346e+001	2.250532e-057
75.000000	1.121010	-4.602490	0.000000	6.355449e+002	1.535170e-058
80.000000	1.054354	-4.669146	0.000000	4.474056e+003	1.182369e-059
85.000000	0.990854	-4.732646	0.000000	2.867335e+004	1.028174e-060
90.000000	0.930509	-4.792991	0.000000	1.675954e+005	1.009466e-061
95.000000	0.873320	-4.850180	0.000000	8.944108e+005	1.118979e-062
100.000000	0.819285	-4.904215	0.000000	4.360282e+006	1.400403e-063
105.000000	0.768406	-4.955094	0.000000	1.941820e+007	1.978706e-064
110.000000	0.720681	-5.002819	0.000000	7.898136e+007	3.156489e-065
115.000000	0.676111	-5.047389	0.000000	2.933065e+008	5.684871e-066
120.000000	0.634695	-5.088805	0.000000	9.941511e+008	1.155925e-066
125.000000	0.596434	-5.127066	0.000000	3.074510e+009	2.653582e-067
130.000000	0.561328	-5.162172	0.000000	8.672867e+009	6.877498e-068
135.000000	0.529377	-5.194123	0.000000	2.230979e+010	2.012456e-068
140.000000	0.500581	-5.222919	0.000000	5.232030e+010	6.648508e-069
145.000000	0.474940	-5.248560	0.000000	1.118395e+011	2.479868e-069
150.000000	0.452455	-5.271045	0.000000	2.178667e+011	1.044348e-069
155.000000	0.433126	-5.290374	0.000000	3.867118e+011	4.965703e-070
160.000000	0.416953	-5.306547	0.000000	6.253571e+011	2.665893e-070
165.000000	0.403938	-5.319562	0.000000	9.212479e+011	1.615991e-070
170.000000	0.394080	-5.329420	0.000000	1.236449e+012	1.106059e-070
175.000000	0.387380	-5.336120	0.000000	1.513994e+012	8.548107e-071
180.000000	0.383840	-5.339660	0.000000	1.710371e+012	7.459748e-071
185.000000	0.383458	-5.340042	0.000000	1.937541e+012	7.351098e-071
190.000000	0.386237	-5.337263	0.000000	3.365997e+012	8.180247e-071
190.100000	0.386292	-5.337208	0.000000	3.449827e+012	8.197751e-071
190.200000	0.386348	-5.337152	0.000000	3.537417e+012	8.215292e-071
190.300000	0.386403	-5.337097	0.000000	3.628933e+012	8.232870e-071
190.400000	0.386459	-5.337041	0.000000	3.724544e+012	8.250486e-071
190.500000	0.386515	-5.336985	0.000000	3.824430e+012	8.268140e-071
190.600000	0.386570	-5.336930	0.000000	3.928776e+012	8.285832e-071
190.700000	0.386626	-5.336874	0.000000	4.037776e+012	8.303562e-071
190.800000	0.386681	-5.336819	0.000000	4.151632e+012	8.321329e-071
190.900000	0.386737	-5.336763	0.000000	4.270557e+012	8.339134e-071
191.000000	0.386792	-5.336708	0.000000	4.394771e+012	8.356978e-071
191.100000	0.386848	-5.336652	0.000000	4.524504e+012	8.374860e-071
191.200000	0.386904	-5.336596	0.000000	4.659996e+012	8.392780e-071
191.300000	0.386959	-5.336541	0.000000	4.801497e+012	8.410738e-071
191.400000	0.387015	-5.336485	0.000000	4.949270e+012	8.428735e-071
191.500000	0.387070	-5.336430	0.000000	5.103586e+012	8.446770e-071
191.600000	0.387126	-5.336374	0.000000	5.264732e+012	8.464844e-071
191.700000	0.387181	-5.336319	0.000000	5.433003e+012	8.482957e-071
191.800000	0.387237	-5.336263	0.000000	5.608709e+012	8.501108e-071
191.900000	0.387293	-5.336207	0.000000	5.792175e+012	8.519298e-071
192.000000	0.387348	-5.336152	0.000000	5.983738e+012	8.537527e-071
192.100000	0.387404	-5.336096	0.000000	6.183750e+012	8.555795e-071
192.200000	0.387459	-5.336041	0.000000	6.392578e+012	8.574102e-071
192.300000	0.387515	-5.335985	0.000000	6.610605e+012	8.592449e-071
192.400000	0.387571	-5.335929	0.000000	6.838233e+012	8.610834e-071
192.500000	0.387626	-5.335874	0.000000	7.075878e+012	8.629259e-071
192.600000	0.387682	-5.335818	0.000000	7.323976e+012	8.647723e-071
192.700000	0.387737	-5.335763	0.000000	7.582981e+012	8.666227e-071
192.800000	0.387793	-5.335707	0.000000	7.853369e+012	8.684771e-071
192.900000	0.387848	-5.335652	0.000000	8.135634e+012	8.703354e-071
193.000000	0.387904	-5.335596	0.000000	8.430292e+012	8.721977e-071
193.100000	0.387960	-5.335540	0.000000	8.737882e+012	8.740639e-071
193.200000	0.388015	-5.335485	0.000000	9.058968e+012	8.759342e-071
193.300000	0.388071	-5.335429	0.000000	9.394135e+012	8.778085e-071
193.400000	0.388126	-5.335374	0.000000	9.743997e+012	8.796868e-071
193.500000	0.388182	-5.335318	0.000000	1.010919e+013	8.815691e-071
193.600000	0.388237	-5.335263	0.000000	1.049039e+013	8.834554e-071
193.700000	0.388293	-5.335207	0.000000	1.088828e+013	8.853457e-071
193.800000	0.388349	-5.335151	0.000000	1.130359e+013	8.872401e-071
193.900000	0.388404	-5.335096	0.000000	1.173708e+013	8.891386e-071
194.000000	0.388460	-5.335040	0.000000	1.218955e+013	8.910411e-071
194.100000	0.388515	-5.334985	0.000000	1.266181e+013	8.929477e-071
194.200000	0.388571	-5.334929	0.000000	1.315473e+013	8.948584e-071
194.300000	0.388626	-5.334874	0.000000	1.366920e+013	8.967732e-071
194.400000	0.388682	-5.334818	0.000000	1.420617e+013	8.986920e-071
194.500000	0.388738	-5.334762	0.000000	1.476661e+013	9.006150e-071
194.600000	0.388793	-5.334707	0.000000	1.535155e+013	9.025421e-071
194.700000	0.388849	-5.334651	0.000000	1.596205e+013	9.044733e-071
194.800000	0.388904	-5.334596	0.000000	1.659921e+013	9.064086e-071
194.900000	0.388960	-5.334540	0.000000	1.726422e+013	9.083481e-071
195.000000	0.389015	-5.334485	0.000000	1.795826e+013	9.102917e-071
195.100000	0.389071	-5.334429	0.000000	1.868262e+013	9.122395e-071
195.200000	0.389127	-5.334373	0.000000	1.943861e+013	9.141914e-071
195.300000	0.389182	-5.334318	0.000000	2.022760e+013	9.161475e-071
195.400000	0.389238	-5.334262	0.000000	2.105103e+013	9.181079e-071
195.500000	0.389293	-5.334207	0.000000	2.191041e+013	9.200724e-071
195.600000	0.389349	-5.334151	0.000000	2.280729e+013	9.220411e-071
195.700000	0.389404	-5.334096	0.000000	2.374332e+013	9.240140e-071
195.800000	0.389460	-5.334040	0.000000	2.472019e+013	9.259911e-071
195.900000	0.389516	-5.333984	0.000000	2.573969e+013	9.279725e-071
196.000000	0.389571	-5.333929	0.000000	2.680367e+013	9.299581e-071
196.100000	0.389627	-5.333873	0.000000	2.791408e+013	9.319480e-071
196.200000	0.389682	-5.333818	0.000000	2.907292e+013	9.339421e-071
196.300000	0.389738	-5.333762	0.000000	3.028232e+013	9.359405e-071
196.400000	0.389793	-5.333707	0.000000	3.154448e+013	9.379432e-071
196.500000	0.389849	-5.333651	0.000000	3.286170e+013	9.399501e-071
196.600000	0.389905	-5.333595	0.000000	3.423637e+013	9.419613e-071
196.700000	0.389960	-5.333540	0.000000	3.567101e+013	9.439769e-071
196.800000	0.390016	-5.333484	0.000000	3.716822e+013	9.459967e-071
196.900000	0.390071	-5.333429	0.000000	3.873074e+013	9.480209e-071
197.000000	0.390127	-5.333373	0.000000	4.036141e+013	9.500494e-071
197.100000	0.390182	-5.333318	0.000000	4.206321e+013	9.520823e-071
197.200000	0.390238	-5.333262	0.000000	4.383924e+013	9.541195e-071
197.300000	0.390294	-5.333206	0.000000	4.569273e+013	9.561610e-071
197.400000	0.390349	-5.333151	0.000000	4.762707e+013	9.582070e-071
197.500000	0.390405	-5.333095	0.000000	4.964579e+013	9.602573e-071
197.600000	0.390460	-5.333040	0.000000	5.175256e+013	9.623120e-071
197.700000	0.390516	-5.332984	0.000000	5.395123e+013	9.643710e-071
197.800000	0.390571	-5.332929	0.000000	5.624581e+013	9.664345e-071
197.900000	0.390627	-5.332873	0.000000	5.864049e+013	9.685024e-071
198.000000	0.390683	-5.332817	0.000000	6.113964e+013	9.705748e-071
198.100000	0.390738	-5.332762	0.000000	6.374781e+013	9.726515e-071
198.200000	0.390794	-5.332706	0.000000	6.646978e+013	9.747327e-071
198.300000	0.390849	-5.332651	0.000000	6.931051e+013	9.768184e-071
198.400000	0.390905	-5.332595	0.000000	7.227518e+013	9.789085e-071
198.500000	0.390961	-5.332539	0.000000	7.536922e+013	9.810031e-071
198.600000	0.391016	-5.332484	0.000000	7.859827e+013	9.831022e-071
198.700000	0.391072	-5.332428	0.000000	8.196823e+013	9.852058e-071
198.800000	0.391127	-5.332373	0.000000	8.548527e+013	9.873138e-071
198.900000	0.391183	-5.332317	0.000000	8.915580e+013	9.894264e-071
199.000000	0.391238	-5.332262	0.000000	9.298655e+013	9.915435e-071
199.100000	0.391294	-5.332206	0.000000	9.698450e+013	9.936651e-071
199.200000	0.391350	-5.332150	0.000000	1.011570e+014	9.957913e-071
199.300000	0.391405	-5.332095	0.000000	1.055116e+014	9.979220e-071
199.400000	0.391461	-5.332039	0.000000	1.100564e+014	1.000057e-070
199.500000	0.391516	-5.331984	0.000000	1.147995e+014	1.002197e-070
199.600000	0.391572	-5.331928	0.000000	1.197498e+014	1.004342e-070
199.700000	0.391627	-5.331873	0.000000	1.249163e+014	1.006491e-070
199.800000	0.391683	-5.331817	0.000000	1.303084e+014	1.008644e-070
199.900000	0.391739	-5.331761	0.000000	1.359360e+014	1.010802e-070
200.000000	0.391794	-5.331706	0.000000	1.418094e+014	1.012965e-070
200.100000	0.391850	-5.331650	0.000000	1.479394e+014	1.015133e-070
200.200000	0.391905	-5.331595	0.000000	1.543371e+014	1.017305e-070
200.300000	0.391961	-5.331539	0.000000	1.610144e+014	1.019481e-070
200.400000	0.392016	-5.331484	0.000000	1.679835e+014	1.021663e-070
200.500000	0.392072	-5.331428	0.000000	1.752571e+014	1.023849e-070
200.600000	0.392128	-5.331372	0.000000	1.828485e+014	1.026040e-070
200.700000	0.392183	-5.331317	0.000000	1.907717e+014	1.028235e-070
200.800000	0.392239	-5.331261	0.000000	1.990413e+014	1.030435e-070
200.900000	0.392294	-5.331206	0.000000	2.076723e+014	1.032640e-070
201.000000	0.392350	-5.331150	0.000000	2.166807e+014	1.034850e-070
201.100000	0.392405	-5.331095	0.000000	2.260830e+014	1.037064e-070
201.200000	0.392461	-5.331039	0.000000	2.358963e+014	1.039283e-070
201.300000	0.392517	-5.330983	0.000000	2.461388e+014	1.041507e-070
201.400000	0.392572	-5.330928	0.000000	2.568293e+014	1.043735e-070
201.500000	0.392628	-5.330872	0.000000	2.679873e+014	1.045968e-070
201.600000	0.392683	-5.330817	0.000000	2.796334e+014	1.048206e-070
201.700000	0.392739	-5.330761	0.000000	2.917890e+014	1.050449e-070
201.800000	0.392794	-5.330706	0.000000	3.044764e+014	1.052697e-070
201.900000	0.392850	-5.330650	0.000000	3.177189e+014	1.054949e-070
202.000000	0.392906	-5.330594	0.000000	3.315410e+014	1.057206e-070
202.100000	0.392961	-5.330539	0.000000	3.459680e+014	1.059469e-070
202.200000	0.393017	-5.330483	0.000000	3.610264e+014	1.061735e-070
202.300000	0.393072	-5.330428	0.000000	3.767439e+014	1.064007e-070
202.400000	0.393128	-5.330372	0.000000	3.931496e+014	1.066284e-070
202.500000	0.393183	-5.330317	0.000000	4.102735e+014	1.068565e-070
202.600000	0.393239	-5.330261	0.000000	4.281472e+014	1.070852e-070
202.700000	0.393295	-5.330205	0.000000	4.468036e+014	1.073143e-070
202.800000	0.393350	-5.330150	0.000000	4.662771e+014	1.075439e-070
202.900000	0.393406	-5.330094	0.000000	4.866035e+014	1.077740e-070
203.000000	0.393461	-5.330039	0.000000	5.078204e+014	1.080046e-070
203.100000	0.393517	-5.329983	0.000000	5.299666e+014	1.082357e-070
203.200000	0.393572	-5.329928	0.000000	5.530833e+014	1.084673e-070
203.300000	0.393628	-5.329872	0.000000	5.772128e+014	1.086994e-070
203.400000	0.393684	-5.329816	0.000000	6.023997e+014	1.089319e-070
203.500000	0.393739	-5.329761	0.000000	6.286905e+014	1.091650e-070
203.600000	0.393795	-5.329705	0.000000	6.561337e+014	1.093986e-070
203.700000	0.393850	-5.329650	0.000000	6.847799e+014	1.096327e-070
203.800000	0.393906	-5.329594	0.000000	7.146819e+014	1.098672e-070
203.900000	0.393961	-5.329539	0.000000	7.458951e+014	1.101023e-070
204.000000	0.394017	-5.329483	0.000000	7.784769e+014	1.103379e-070
204.100000	0.394073	-5.329427	0.000000	8.124875e+014	1.105739e-070
204.200000	0.394128	-5.329372	0.000000	8.479899e+014	1.108105e-070
204.300000	0.394184	-5.329316	0.000000	8.850494e+014	1.110476e-070
204.400000	0.394239	-5.329261	0.000000	9.237348e+014	1.112852e-070
204.500000	0.394295	-5.329205	0.000000	9.641173e+014	1.115233e-070
204.600000	0.394350	-5.329150	0.000000	1.006272e+015	1.117619e-070
204.700000	0.394406	-5.329094	0.000000	1.050276e+015	1.120010e-070
204.800000	0.394462	-5.329038	0.000000	1.096211e+015	1.122407e-070
204.900000	0.394517	-5.328983	0.000000	1.144163e+015	1.124808e-070
205.000000	0.394573	-5.328927	0.000000	1.194219e+015	1.127215e-070
205.100000	0.394628	-5.328872	0.000000	1.246473e+015	1.129626e-070
205.200000	0.394684	-5.328816	0.000000	1.301021e+015	1.132043e-070
205.300000	0.394739	-5.328761	0.000000	1.357964e+015	1.134465e-070
205.400000	0.394795	-5.328705	0.000000	1.417408e+015	1.136892e-070
205.500000	0.394851	-5.328649	0.000000	1.479462e+015	1.139325e-070
205.600000	0.394906	-5.328594	0.000000	1.544242e+015	1.141762e-070
205.700000	0.394962	-5.328538	0.000000	1.611868e+015	1.144205e-070
205.800000	0.395017	-5.328483	0.000000	1.682464e+015	1.146653e-070
205.900000	0.395073	-5.328427	0.000000	1.756162e+015	1.149106e-070
206.000000	0.395128	-5.328372	0.000000	1.833099e+015	1.151564e-070
206.100000	0.395184	-5.328316	0.000000	1.913416e+015	1.154028e-070
206.200000	0.395239	-5.328261	0.000000	1.997264e+015	1.156497e-070
206.300000	0.395295	-5.328205	0.000000	2.084796e+015	1.158971e-070
206.400000	0.395351	-5.328149	0.000000	2.176177e+015	1.161451e-070
206.500000	0.395406	-5.328094	0.000000	2.271574e+015	1.163935e-070
206.600000	0.395462	-5.328038	0.000000	2.371167e+015	1.166425e-070
206.700000	0.395517	-5.327983	0.000000	2.475138e+015	1.168921e-070
206.800000	0.395573	-5.327927	0.000000	2.583682e+015	1.171421e-070
206.900000	0.395628	-5.327872	0.000000	2.696999e+015	1.173927e-070
207.000000	0.395684	-5.327816	0.000000	2.815301e+015	1.176438e-070
207.100000	0.395740	-5.327760	0.000000	2.938806e+015	1.178955e-070
207.200000	0.395795	-5.327705	0.000000	3.067745e+015	1.181477e-070
207.300000	0.395851	-5.327649	0.000000	3.202357e+015	1.184004e-070
207.400000	0.395906	-5.327594	0.000000	3.342892e+015	1.186537e-070
207.500000	0.395962	-5.327538	0.000000	3.489612e+015	1.189075e-070
207.600000	0.396017	-5.327483	0.000000	3.642789e+015	1.191619e-070
207.700000	0.396073	-5.327427	0.000000	3.802708e+015	1.194168e-070
207.800000	0.396128	-5.327372	0.000000	3.969667e+015	1.196722e-070
207.900000	0.396184	-5.327316	0.000000	4.143976e+015	1.199282e-070
208.000000	0.396240	-5.327260	0.000000	4.325959e+015	1.201847e-070
208.100000	0.396295	-5.327205	0.000000	4.515955e+015	1.204417e-070
208.200000	0.396351	-5.327149	0.000000	4.714318e+015	1.206994e-070
208.300000	0.396406	-5.327094	0.000000	4.921418e+015	1.209575e-070
208.400000	0.396462	-5.327038	0.000000	5.137639e+015	1.212162e-070
208.500000	0.396517	-5.326983	0.000000	5.363384e+015	1.214755e-070
208.600000	0.396573	-5.326927	0.000000	5.599074e+015	1.217353e-070
208.700000	0.396628	-5.326872	0.000000	5.845148e+015	1.219956e-070
208.800000	0.396684	-5.326816	0.000000	6.102065e+015	1.222565e-070
208.900000	0.396739	-5.326761	0.000000	6.370303e+015	1.225180e-070
209.000000	0.396795	-5.326705	0.000000	6.650363e+015	1.227800e-070
209.100000	0.396851	-5.326649	0.000000	6.942766e+015	1.230425e-070
209.200000	0.396906	-5.326594	0.000000	7.248057e+015	1.233056e-070
209.300000	0.396962	-5.326538	0.000000	7.566807e+015	1.235693e-070
209.400000	0.397017	-5.326483	0.000000	7.899610e+015	1.238335e-070
209.500000	0.397073	-5.326427	0.000000	8.247086e+015	1.240983e-070
209.600000	0.397128	-5.326372	0.000000	8.609884e+015	1.243636e-070
209.700000	0.397184	-5.326316	0.000000	8.988682e+015	1.246295e-070
209.800000	0.397239	-5.326261	0.000000	9.384186e+015	1.248960e-070
209.900000	0.397295	-5.326205	0.000000	9.797134e+015	1.251630e-070
210.000000	0.767010	-5.512990	0.000000	1.105762e+016	9.495034e-074
210.100000	0.764663	-5.515337	0.000000	1.159299e+016	8.675246e-074
210.200000	0.762315	-5.517685	0.000000	1.216209e+016	7.926236e-074
210.300000	0.759967	-5.520033	0.000000	1.276690e+016	7.241894e-074
210.400000	0.757620	-5.522380	0.000000	1.340949e+016	6.616637e-074
210.500000	0.755272	-5.524728	0.000000	1.409206e+016	6.045363e-074
210.600000	0.752924	-5.527076	0.000000	1.481695e+016	5.523412e-074
210.700000	0.750577	-5.529423	0.000000	1.558664e+016	5.046525e-074
210.800000	0.748229	-5.531771	0.000000	1.640374e+016	4.610811e-074
210.900000	0.745881	-5.534119	0.000000	1.727104e+016	4.212716e-074
211.000000	0.743533	-5.536467	0.000000	1.819145e+016	3.848992e-074
211.100000	0.741186	-5.538814	0.000000	1.916810e+016	3.516671e-074
211.200000	0.738838	-5.541162	0.000000	2.020428e+016	3.213042e-074
211.300000	0.736490	-5.543510	0.000000	2.130345e+016	2.935628e-074
211.400000	0.734143	-5.545857	0.000000	2.246932e+016	2.682165e-074
211.500000	0.731795	-5.548205	0.000000	2.370576e+016	2.450586e-074
211.600000	0.729447	-5.550553	0.000000	2.501690e+016	2.239001e-074
211.700000	0.727099	-5.552901	0.000000	2.640710e+016	2.045684e-074
211.800000	0.724752	-5.555248	0.000000	2.788096e+016	1.869058e-074
211.900000	0.722404	-5.557596	0.000000	2.944334e+016	1.707682e-074
212.000000	0.720056	-5.559944	0.000000	3.109940e+016	1.560238e-074
212.100000	0.717708	-5.562292	0.000000	3.285458e+016	1.425525e-074
212.200000	0.715361	-5.564639	0.000000	3.471461e+016	1.302442e-074
212.300000	0.713013	-5.566987	0.000000	3.668558e+016	1.189987e-074
212.400000	0.710665	-5.569335	0.000000	3.877391e+016	1.087240e-074
212.500000	0.708317	-5.571683	0.000000	4.098637e+016	9.933653e-075
212.600000	0.705969	-5.574031	0.000000	4.333012e+016	9.075952e-075
212.700000	0.703622	-5.576378	0.000000	4.581274e+016	8.292304e-075
212.800000	0.701274	-5.578726	0.000000	4.844220e+016	7.576317e-075
212.900000	0.698926	-5.581074	0.000000	5.122695e+016	6.922147e-075
213.000000	0.696578	-5.583422	0.000000	5.417588e+016	6.324459e-075
213.100000	0.694230	-5.585770	0.000000	5.729842e+016	5.778375e-075
213.200000	0.691882	-5.588118	0.000000	6.060447e+016	5.279440e-075
213.300000	0.689535	-5.590465	0.000000	6.410453e+016	4.823583e-075
213.400000	0.687187	-5.592813	0.000000	6.780965e+016	4.407086e-075
213.500000	0.684839	-5.595161	0.000000	7.173150e+016	4.026549e-075
213.600000	0.682491	-5.597509	0.000000	7.588240e+016	3.678868e-075
213.700000	0.680143	-5.599857	0.000000	8.027535e+016	3.361206e-075
213.800000	0.677795	-5.602205	0.000000	8.492406e+016	3.070971e-075
213.900000	0.675447	-5.604553	0.000000	8.984299e+016	2.805796e-075
214.000000	0.673099	-5.606901	0.000000	9.504740e+016	2.563516e-075
214.100000	0.670751	-5.609249	0.000000	1.005534e+017	2.342156e-075
214.200000	0.668403	-5.611597	0.000000	1.063779e+017	2.139908e-075
214.300000	0.666055	-5.613945	0.000000	1.125389e+017	1.955123e-075
214.400000	0.663707	-5.616293	0.000000	1.190551e+017	1.786293e-075
214.500000	0.661359	-5.618641	0.000000	1.259466e+017	1.632040e-075
214.600000	0.659011	-5.620989	0.000000	1.332342e+017	1.491106e-075
214.700000	0.656662	-5.623338	0.000000	1.409402e+017	1.362340e-075
214.800000	0.654314	-5.625686	0.000000	1.490877e+017	1.244693e-075
214.900000	0.651966	-5.628034	0.000000	1.577013e+017	1.137204e-075
215.000000	0.649618	-5.630382	0.000000	1.668069e+017	1.038997e-075
215.100000	0.647269	-5.632731	0.000000	1.764318e+017	9.492687e-076
215.200000	0.644921	-5.635079	0.000000	1.866047e+017	8.672884e-076
215.300000	0.642573	-5.637427	0.000000	1.973558e+017	7.923869e-076
215.400000	0.640224	-5.639776	0.000000	2.087171e+017	7.239529e-076
215.500000	0.637876	-5.642124	0.000000	2.207221e+017	6.614280e-076
215.600000	0.635527	-5.644473	0.000000	2.334061e+017	6.043021e-076
215.700000	0.633179	-5.646821	0.000000	2.468064e+017	5.521089e-076
215.800000	0.630830	-5.649170	0.000000	2.609621e+017	5.044226e-076
215.900000	0.628482	-5.651518	0.000000	2.759147e+017	4.608541e-076
216.000000	0.626133	-5.653867	0.000000	2.917074e+017	4.210477e-076
216.100000	0.623784	-5.656216	0.000000	3.083860e+017	3.846787e-076
216.200000	0.621435	-5.658565	0.000000	3.259987e+017	3.514503e-076
216.300000	0.619086	-5.660914	0.000000	3.445961e+017	3.210913e-076
216.400000	0.616737	-5.663263	0.000000	3.642315e+017	2.933539e-076
216.500000	0.614388	-5.665612	0.000000	3.849611e+017	2.680118e-076
216.600000	0.612039	-5.667961	0.000000	4.068437e+017	2.448582e-076
216.700000	0.609690	-5.670310	0.000000	4.299415e+017	2.237041e-076
216.800000	0.607341	-5.672659	0.000000	4.543198e+017	2.043768e-076
216.900000	0.604991	-5.675009	0.000000	4.800472e+017	1.867187e-076
217.000000	0.602642	-5.677358	0.000000	5.071960e+017	1.705855e-076
217.100000	0.600292	-5.679708	0.000000	5.358420e+017	1.558457e-076
217.200000	0.597942	-5.682058	0.000000	5.660652e+017	1.423788e-076
217.300000	0.595592	-5.684408	0.000000	5.979494e+017	1.300751e-076
217.400000	0.593242	-5.686758	0.000000	6.315829e+017	1.188340e-076
217.500000	0.590892	-5.689108	0.000000	6.670585e+017	1.085638e-076
217.600000	0.588542	-5.691458	0.000000	7.044735e+017	9.918064e-077
217.700000	0.586192	-5.693808	0.000000	7.439305e+017	9.060796e-077
217.800000	0.583841	-5.696159	0.000000	7.855371e+017	8.277575e-077
217.900000	0.581490	-5.698510	0.000000	8.294063e+017	7.562008e-077
218.000000	0.579139	-5.700861	0.000000	8.756569e+017	6.908252e-077
218.100000	0.576788	-5.703212	0.000000	9.244138e+017	6.310970e-077
218.200000	0.574437	-5.705563	0.000000	9.758079e+017	5.765285e-077
218.300000	0.572085	-5.707915	0.000000	1.029977e+018	5.266740e-077
218.400000	0.569734	-5.710266	0.000000	1.087065e+018	4.811267e-077
218.500000	0.567382	-5.712618	0.000000	1.147225e+018	4.395144e-077
218.600000	0.565029	-5.714971	0.000000	1.210615e+018	4.014973e-077
218.700000	0.562677	-5.717323	0.000000	1.277403e+018	3.667650e-077
218.800000	0.560324	-5.719676	0.000000	1.347765e+018	3.350338e-077
218.900000	0.557971	-5.722029	0.000000	1.421884e+018	3.060445e-077
219.000000	0.555618	-5.724382	0.000000	1.499953e+018	2.795603e-077
219.100000	0.553264	-5.726736	0.000000	1.582177e+018	2.553648e-077
219.200000	0.550910	-5.729090	0.000000	1.668767e+018	2.332603e-077
219.300000	0.548556	-5.731444	0.000000	1.759948e+018	2.130664e-077
219.400000	0.546201	-5.733799	0.000000	1.855952e+018	1.946178e-077
219.500000	0.543846	-5.736154	0.000000	1.957026e+018	1.777640e-077
219.600000	0.541491	-5.738509	0.000000	2.063428e+018	1.623671e-077
219.700000	0.539135	-5.740865	0.000000	2.175427e+018	1.483012e-077
219.800000	0.536778	-5.743222	0.000000	2.293308e+018	1.354515e-077
219.900000	0.534421	-5.745579	0.000000	2.417365e+018	1.237129e-077
220.000000	0.532064	-5.747936	0.000000	2.547912e+018	1.129893e-077
220.100000	0.529706	-5.750294	0.000000	2.685275e+018	1.031931e-077
220.200000	0.527347	-5.752653	0.000000	2.829794e+018	9.424411e-078
220.300000	0.524988	-5.755012	0.000000	2.981829e+018	8.606923e-078
220.400000	0.522628	-5.757372	0.000000	3.141754e+018	7.860153e-078
220.500000	0.520268	-5.759732	0.000000	3.309964e+018	7.177991e-078
220.600000	0.517907	-5.762093	0.000000	3.486870e+018	6.554855e-078
220.700000	0.515545	-5.764455	0.000000	3.672903e+018	5.985643e-078
220.800000	0.513182	-5.766818	0.000000	3.868515e+018	5.465697e-078
220.900000	0.510819	-5.769181	0.000000	4.074180e+018	4.990758e-078
221.000000	0.508454	-5.771546	0.000000	4.290393e+018	4.556936e-078
221.100000	0.506089	-5.773911	0.000000	4.517673e+018	4.160678e-078
221.200000	0.503723	-5.776277	0.000000	4.756561e+018	3.798738e-078
221.300000	0.501356	-5.778644	0.000000	5.007628e+018	3.468147e-078
221.400000	0.498987	-5.781013	0.000000	5.271467e+018	3.166197e-078
221.500000	0.496618	-5.783382	0.000000	5.548701e+018	2.890411e-078
221.600000	0.494247	-5.785753	0.000000	5.839981e+018	2.638528e-078
221.700000	0.491875	-5.788125	0.000000	6.145987e+018	2.408479e-078
221.800000	0.489502	-5.790498	0.000000	6.467433e+018	2.198377e-078
221.900000	0.487128	-5.792872	0.000000	6.805064e+018	2.006497e-078
222.000000	0.484752	-5.795248	0.000000	7.159658e+018	1.831263e-078
222.100000	0.482374	-5.797626	0.000000	7.532032e+018	1.671235e-078
222.200000	0.479995	-5.800005	0.000000	7.923036e+018	1.525097e-078
222.300000	0.477614	-5.802386	0.000000	8.333561e+018	1.391647e-078
222.400000	0.475232	-5.804768	0.000000	8.764538e+018	1.269789e-078
222.500000	0.472847	-5.807153	0.000000	9.216940e+018	1.158517e-078
222.600000	0.470461	-5.809539	0.000000	9.691784e+018	1.056916e-078
222.700000	0.468072	-5.811928	0.000000	1.019013e+019	9.641497e-079
222.800000	0.465682	-5.814318	0.000000	1.071309e+019	8.794518e-079
222.900000	0.463289	-5.816711	0.000000	1.126183e+019	8.021240e-079
223.000000	0.460893	-5.819107	0.000000	1.183754e+019	7.315280e-079
223.100000	0.458496	-5.821504	0.000000	1.244151e+019	6.670806e-079
223.200000	0.456095	-5.823905	0.000000	1.307504e+019	6.082491e-079
223.300000	0.453692	-5.826308	0.000000	1.373952e+019	5.545468e-079
223.400000	0.451286	-5.828714	0.000000	1.443638e+019	5.055289e-079
223.500000	0.448876	-5.831124	0.000000	1.516713e+019	4.607894e-079
223.600000	0.446464	-5.833536	0.000000	1.593333e+019	4.199573e-079
223.700000	0.444048	-5.835952	0.000000	1.673662e+019	3.826935e-079
223.800000	0.441628	-5.838372	0.000000	1.757870e+019	3.486885e-079
223.900000	0.439205	-5.840795	0.000000	1.846136e+019	3.176593e-079
224.000000	0.436778	-5.843222	0.000000	1.938645e+019	2.893476e-079
224.100000	0.434347	-5.845653	0.000000	2.035590e+019	2.635175e-079
224.200000	0.431911	-5.848089	0.000000	2.137173e+019	2.399532e-079
224.300000	0.429471	-5.850529	0.000000	2.243606e+019	2.184578e-079
224.400000	0.427026	-5.852974	0.000000	2.355106e+019	1.988516e-079
224.500000	0.424576	-5.855424	0.000000	2.471903e+019	1.809701e-079
224.600000	0.422121	-5.857879	0.000000	2.594234e+019	1.646632e-079
224.700000	0.419661	-5.860339	0.000000	2.722349e+019	1.497939e-079
224.800000	0.417194	-5.862806	0.000000	2.856505e+019	1.362370e-079
224.900000	0.414722	-5.865278	0.000000	2.996972e+019	1.238780e-079
225.000000	-0.403817	-5.455317	0.000000	2.593825e+019	8.726375e-073
225.100000	-0.400940	-5.452440	0.000000	2.694655e+019	9.747413e-073
225.200000	-0.398069	-5.449569	0.000000	2.795918e+019	1.088556e-072
225.300000	-0.395204	-5.446704	0.000000	2.897518e+019	1.215386e-072
225.400000	-0.392344	-5.443844	0.000000	2.999360e+019	1.356677e-072
225.500000	-0.389491	-5.440991	0.000000	3.101351e+019	1.514027e-072
225.600000	-0.386645	-5.438145	0.000000	3.203398e+019	1.689206e-072
225.700000	-0.383805	-5.435305	0.000000	3.305411e+019	1.884167e-072
225.800000	-0.380972	-5.432472	0.000000	3.407301e+019	2.101071e-072
225.900000	-0.378146	-5.429646	0.000000	3.508980e+019	2.342302e-072
226.000000	-0.375327	-5.426827	0.000000	3.610362e+019	2.610492e-072
226.100000	-0.372516	-5.424016	0.000000	3.711364e+019	2.908543e-072
226.200000	-0.369713	-5.421213	0.000000	3.811903e+019	3.239657e-072
226.300000	-0.366918	-5.418418	0.000000	3.911898e+019	3.607357e-072
226.400000	-0.364131	-5.415631	0.000000	4.011271e+019	4.015526e-072
226.500000	-0.361352	-5.412852	0.000000	4.109945e+019	4.468437e-072
226.600000	-0.358582	-5.410082	0.000000	4.207847e+019	4.970785e-072
226.700000	-0.355821	-5.407321	0.000000	4.304903e+019	5.527736e-072
226.800000	-0.353069	-5.404569	0.000000	4.401043e+019	6.144960e-072
226.900000	-0.350326	-5.401826	0.000000	4.496200e+019	6.828682e-072
227.000000	-0.347592	-5.399092	0.000000	4.590307e+019	7.585734e-072
227.100000	-0.344868	-5.396368	0.000000	4.683302e+019	8.423600e-072
227.200000	-0.342154	-5.393654	0.000000	4.775122e+019	9.350486e-072
227.300000	-0.339450	-5.390950	0.000000	4.865708e+019	1.037537e-071
227.400000	-0.336756	-5.388256	0.000000	4.955004e+019	1.150808e-071
227.500000	-0.334072	-5.385572	0.000000	5.042955e+019	1.275936e-071
227.600000	-0.331399	-5.382899	0.000000	5.129509e+019	1.414096e-071
227.700000	-0.328737	-5.380237	0.000000	5.214617e+019	1.566568e-071
227.800000	-0.326086	-5.377586	0.000000	5.298230e+019	1.734752e-071
227.900000	-0.323445	-5.374945	0.000000	5.380304e+019	1.920172e-071
228.000000	-0.320816	-5.372316	0.000000	5.460796e+019	2.124491e-071
228.100000	-0.318199	-5.369699	0.000000	5.539664e+019	2.349518e-071
228.200000	-0.315593	-5.367093	0.000000	5.616871e+019	2.597221e-071
228.300000	-0.312998	-5.364498	0.000000	5.692382e+019	2.869740e-071
228.400000	-0.310416	-5.361916	0.000000	5.766161e+019	3.169402e-071
228.500000	-0.307846	-5.359346	0.000000	5.838178e+019	3.498730e-071
228.600000	-0.305288	-5.356788	0.000000	5.908403e+019	3.860464e-071
228.700000	-0.302742	-5.354242	0.000000	5.976810e+019	4.257571e-071
228.800000	-0.300209	-5.351709	0.000000	6.043373e+019	4.693268e-071
228.900000	-0.297688	-5.349188	0.000000	6.108069e+019	5.171036e-071
229.000000	-0.295180	-5.346680	0.000000	6.170879e+019	5.694639e-071
229.100000	-0.292686	-5.344186	0.000000	6.231783e+019	6.268146e-071
229.200000	-0.290204	-5.341704	0.000000	6.290765e+019	6.895950e-071
229.300000	-0.287735	-5.339235	0.000000	6.347811e+019	7.582792e-071
229.400000	-0.285280	-5.336780	0.000000	6.402907e+019	8.333785e-071
229.500000	-0.282838	-5.334338	0.000000	6.456044e+019	9.154436e-071
229.600000	-0.280409	-5.331909	0.000000	6.507213e+019	1.005067e-070
229.700000	-0.277995	-5.329495	0.000000	6.556406e+019	1.102888e-070
229.800000	-0.275594	-5.327094	0.000000	6.603618e+019	1.209590e-070
229.900000	-0.273206	-5.324706	0.000000	6.648847e+019	1.325910e-070
230.000000	-0.270833	-5.322333	0.000000	6.692091e+019	1.452639e-070
230.100000	-0.268474	-5.319974	0.000000	6.733349e+019	1.590623e-070
230.200000	-0.266128	-5.317628	0.000000	6.772624e+019	1.740770e-070
230.300000	-0.263797	-5.315297	0.000000	6.809919e+019	1.904052e-070
230.400000	-0.261480	-5.312980	0.000000	6.845238e+019	2.081508e-070
230.500000	-0.259178	-5.310678	0.000000	6.878588e+019	2.274249e-070
230.600000	-0.256890	-5.308390	0.000000	6.909976e+019	2.483463e-070
230.700000	-0.254616	-5.306116	0.000000	6.939412e+019	2.710414e-070
230.800000	-0.252357	-5.303857	0.000000	6.966906e+019	2.956453e-070
230.900000	-0.250113	-5.301613	0.000000	6.992470e+019	3.223018e-070
231.000000	-0.247883	-5.299383	0.000000	7.016116e+019	3.511640e-070
231.100000	-0.245667	-5.297167	0.000000	7.037860e+019	3.823949e-070
231.200000	-0.243467	-5.294967	0.000000	7.057715e+019	4.161674e-070
231.300000	-0.241281	-5.292781	0.000000	7.075699e+019	4.526655e-070
231.400000	-0.239110	-5.290610	0.000000	7.091829e+019	4.920840e-070
231.500000	-0.236954	-5.288454	0.000000	7.106123e+019	5.346299e-070
231.600000	-0.234813	-5.286313	0.000000	7.118601e+019	5.805222e-070
231.700000	-0.232687	-5.284187	0.000000	7.129284e+019	6.299927e-070
231.800000	-0.230575	-5.282075	0.000000	7.138191e+019	6.832867e-070
231.900000	-0.228479	-5.279979	0.000000	7.145346e+019	7.406634e-070
232.000000	-0.226398	-5.277898	0.000000	7.150771e+019	8.023965e-070
232.100000	-0.224331	-5.275831	0.000000	7.154489e+019	8.687747e-070
232.200000	-0.222280	-5.273780	0.000000	7.156525e+019	9.401025e-070
232.300000	-0.220243	-5.271743	0.000000	7.156903e+019	1.016701e-069
232.400000	-0.218221	-5.269721	0.000000	7.155649e+019	1.098906e-069
232.500000	-0.216215	-5.267715	0.000000	7.152789e+019	1.187075e-069
232.600000	-0.214223	-5.265723	0.000000	7.148349e+019	1.281580e-069
232.700000	-0.212247	-5.263747	0.000000	7.142356e+019	1.382812e-069
232.800000	-0.210285	-5.261785	0.000000	7.134839e+019	1.491184e-069
232.900000	-0.208338	-5.259838	0.000000	7.125823e+019	1.607125e-069
233.000000	-0.206406	-5.257906	0.000000	7.115338e+019	1.731087e-069
233.100000	-0.204489	-5.255989	0.000000	7.103413e+019	1.863543e-069
233.200000	-0.202587	-5.254087	0.000000	7.090075e+019	2.004988e-069
233.300000	-0.200700	-5.252200	0.000000	7.075355e+019	2.155938e-069
233.400000	-0.198827	-5.250327	0.000000	7.059280e+019	2.316932e-069
233.500000	-0.196970	-5.248470	0.000000	7.041882e+019	2.488534e-069
233.600000	-0.195127	-5.246627	0.000000	7.023189e+019	2.671331e-069
233.700000	-0.193298	-5.244798	0.000000	7.003231e+019	2.865935e-069
233.800000	-0.191485	-5.242985	0.000000	6.982038e+019	3.072983e-069
233.900000	-0.189686	-5.241186	0.000000	6.959640e+019	3.293138e-069
234.000000	-0.187901	-5.239401	0.000000	6.936067e+019	3.527089e-069
234.100000	-0.186131	-5.237631	0.000000	6.911350e+019	3.775551e-069
234.200000	-0.184376	-5.235876	0.000000	6.885517e+019	4.039268e-069
234.300000	-0.182635	-5.234135	0.000000	6.858600e+019	4.319012e-069
234.400000	-0.180908	-5.232408	0.000000	6.830627e+019	4.615580e-069
234.500000	-0.179196	-5.230696	0.000000	6.801630e+019	4.929802e-069
234.600000	-0.177498	-5.228998	0.000000	6.771637e+019	5.262533e-069
234.700000	-0.175814	-5.227314	0.000000	6.740678e+019	5.614660e-069
234.800000	-0.174144	-5.225644	0.000000	6.708784e+019	5.987100e-069
234.900000	-0.172488	-5.223988	0.000000	6.675982e+019	6.380798e-069
235.000000	-0.170846	-5.222346	0.000000	6.642303e+019	6.796732e-069
235.100000	-0.169218	-5.220718	0.000000	6.607775e+019	7.235909e-069
235.200000	-0.167604	-5.219104	0.000000	6.572427e+019	7.699367e-069
235.300000	-0.166004	-5.217504	0.000000	6.536288e+019	8.188177e-069
235.400000	-0.164417	-5.215917	0.000000	6.499385e+019	8.703440e-069
235.500000	-0.162844	-5.214344	0.000000	6.461748e+019	9.246289e-069
235.600000	-0.161284	-5.212784	0.000000	6.423403e+019	9.817888e-069
235.700000	-0.159738	-5.211238	0.000000	6.384378e+019	1.041944e-068
235.800000	-0.158205	-5.209705	0.000000	6.344700e+019	1.105216e-068
235.900000	-0.156686	-5.208186	0.000000	6.304397e+019	1.171732e-068
236.000000	-0.155180	-5.206680	0.000000	6.263494e+019	1.241621e-068
236.100000	-0.153686	-5.205186	0.000000	6.222018e+019	1.315015e-068
236.200000	-0.152206	-5.203706	0.000000	6.179995e+019	1.392051e-068
236.300000	-0.150739	-5.202239	0.000000	6.137451e+019	1.472866e-068
236.400000	-0.149285	-5.200785	0.000000	6.094409e+019	1.557604e-068
236.500000	-0.147843	-5.199343	0.000000	6.050896e+019	1.646409e-068
236.600000	-0.146414	-5.197914	0.000000	6.006936e+019	1.739430e-068
236.700000	-0.144997	-5.196497	0.000000	5.962553e+019	1.836818e-068
236.800000	-0.143594	-5.195094	0.000000	5.917770e+019	1.938728e-068
236.900000	-0.142202	-5.193702	0.000000	5.872611e+019	2.045318e-068
237.000000	-0.140823	-5.192323	0.000000	5.827098e+019	2.156748e-068
237.100000	-0.139456	-5.190956	0.000000	5.781255e+019	2.273183e-068
237.200000	-0.138101	-5.189601	0.000000	5.735103e+019	2.394789e-068
237.300000	-0.136758	-5.188258	0.000000	5.688664e+019	2.521736e-068
237.400000	-0.135427	-5.186927	0.000000	5.641959e+019	2.654197e-068
237.500000	-0.134107	-5.185607	0.000000	5.595010e+019	2.792347e-068
237.600000	-0.132800	-5.184300	0.000000	5.547836e+019	2.936366e-068
237.700000	-0.131504	-5.183004	0.000000	5.500458e+019	3.086434e-068
237.800000	-0.130220	-5.181720	0.000000	5.452896e+019	3.242735e-068
237.900000	-0.128947	-5.180447	0.000000	5.405168e+019	3.405457e-068
238.000000	-0.127685	-5.179185	0.000000	5.357294e+019	3.574788e-068
238.100000	-0.126434	-5.177934	0.000000	5.309291e+019	3.750922e-068
238.200000	-0.125195	-5.176695	0.000000	5.261179e+019	3.934052e-068
238.300000	-0.123967	-5.175467	0.000000	5.212975e+019	4.124377e-068
238.400000	-0.122749	-5.174249	0.000000	5.164695e+019	4.322095e-068
238.500000	-0.121543	-5.173043	0.000000	5.116357e+019	4.527409e-068
238.600000	-0.120347	-5.171847	0.000000	5.067977e+019	4.740524e-068
238.700000	-0.119161	-5.170661	0.000000	5.019571e+019	4.961646e-068
238.800000	-0.117986	-5.169486	0.000000	4.971154e+019	5.190985e-068
238.900000	-0.116822	-5.168322	0.000000	4.922743e+019	5.428752e-068
239.000000	-0.115668	-5.167168	0.000000	4.874351e+019	5.675161e-068
239.100000	-0.114524	-5.166024	0.000000	4.825993e+019	5.930426e-068
239.200000	-0.113390	-5.164890	0.000000	4.777683e+019	6.194767e-068
239.300000	-0.112266	-5.163766	0.000000	4.729435e+019	6.468402e-068
239.400000	-0.111152	-5.162652	0.000000	4.681262e+019	6.751554e-068
239.500000	-0.110048	-5.161548	0.000000	4.633176e+019	7.044446e-068
239.600000	-0.108954	-5.160454	0.000000	4.585191e+019	7.347304e-068
239.700000	-0.107869	-5.159369	0.000000	4.537318e+019	7.660354e-068
239.800000	-0.106794	-5.158294	0.000000	4.489569e+019	7.983827e-068
239.900000	-0.105728	-5.157228	0.000000	4.441956e+019	8.317953e-068
240.000000	-0.104671	-5.156171	0.000000	4.394489e+019	8.662964e-068
240.100000	-0.103623	-5.155123	0.000000	4.347180e+019	9.019095e-068
240.200000	-0.102585	-5.154085	0.000000	4.300038e+019	9.386582e-068
240.300000	-0.101556	-5.153056	0.000000	4.253074e+019	9.765661e-068
240.400000	-0.100535	-5.152035	0.000000	4.206297e+019	1.015657e-067
240.500000	-0.099524	-5.151024	0.000000	4.159717e+019	1.055956e-067
240.600000	-0.098521	-5.150021	0.000000	4.113342e+019	1.097485e-067
240.700000	-0.097526	-5.149026	0.000000	4.067182e+019	1.140271e-067
240.800000	-0.096540	-5.148040	0.000000	4.021244e+019	1.184337e-067
240.900000	-0.095563	-5.147063	0.000000	3.975536e+019	1.229707e-067
241.000000	-0.094594	-5.146094	0.000000	3.930067e+019	1.276408e-067
241.100000	-0.093633	-5.145133	0.000000	3.884844e+019	1.324462e-067
241.200000	-0.092680	-5.144180	0.000000	3.839874e+019	1.373897e-067
241.300000	-0.091736	-5.143236	0.000000	3.795163e+019	1.424736e-067
241.400000	-0.090799	-5.142299	0.000000	3.750718e+019	1.477005e-067
241.500000	-0.089870	-5.141370	0.000000	3.706546e+019	1.530729e-067
241.600000	-0.088949	-5.140449	0.000000	3.662652e+019	1.585934e-067
241.700000	-0.088035	-5.139535	0.000000	3.619043e+019	1.642646e-067
241.800000	-0.087129	-5.138629	0.000000	3.575723e+019	1.700891e-067
241.900000	-0.086231	-5.137731	0.000000	3.532697e+019	1.760693e-067
242.000000	-0.085340	-5.136840	0.000000	3.489972e+019	1.822081e-067
242.100000	-0.084456	-5.135956	0.000000	3.447551e+019	1.885079e-067
242.200000	-0.083579	-5.135079	0.000000	3.405439e+019	1.949714e-067
242.300000	-0.082710	-5.134210	0.000000	3.363639e+019	2.016013e-067
242.400000	-0.081848	-5.133348	0.000000	3.322157e+019	2.084001e-067
242.500000	-0.080992	-5.132492	0.000000	3.280995e+019	2.153707e-067
242.600000	-0.080144	-5.131644	0.000000	3.240158e+019	2.225157e-067
242.700000	-0.079302	-5.130802	0.000000	3.199647e+019	2.298377e-067
242.800000	-0.078467	-5.129967	0.000000	3.159468e+019	2.373396e-067
242.900000	-0.077638	-5.129138	0.000000	3.119621e+019	2.450240e-067
243.000000	-0.076816	-5.128316	0.000000	3.080111e+019	2.528937e-067
243.100000	-0.076001	-5.127501	0.000000	3.040939e+019	2.609514e-067
243.200000	-0.075192	-5.126692	0.000000	3.002108e+019	2.692000e-067
243.300000	-0.074389	-5.125889	0.000000	2.963620e+019	2.776423e-067
243.400000	-0.073592	-5.125092	0.000000	2.925476e+019	2.862809e-067
243.500000	-0.072802	-5.124302	0.000000	2.887679e+019	2.951189e-067
243.600000	-0.072017	-5.123517	0.000000	2.850229e+019	3.041591e-067
243.700000	-0.071239	-5.122739	0.000000	2.813129e+019	3.134042e-067
243.800000	-0.070466	-5.121966	0.000000	2.776379e+019	3.228572e-067
243.900000	-0.069699	-5.121199	0.000000	2.739980e+019	3.325211e-067
244.000000	-0.068938	-5.120438	0.000000	2.703934e+019	3.423987e-067
244.100000	-0.068183	-5.119683	0.000000	2.668241e+019	3.524930e-067
244.200000	-0.067433	-5.118933	0.000000	2.632901e+019	3.628070e-067
244.300000	-0.066689	-5.118189	0.000000	2.597916e+019	3.733436e-067
244.400000	-0.065950	-5.117450	0.000000	2.563285e+019	3.841059e-067
244.500000	-0.065216	-5.116716	0.000000	2.529008e+019	3.950969e-067
244.600000	-0.064488	-5.115988	0.000000	2.495085e+019	4.063198e-067
244.700000	-0.063765	-5.115265	0.000000	2.461517e+019	4.177775e-067
244.800000	-0.063047	-5.114547	0.000000	2.428303e+019	4.294732e-067
244.900000	-0.062334	-5.113834	0.000000	2.395443e+019	4.414100e-067
245.000000	-0.061627	-5.113127	0.000000	2.362936e+019	4.535912e-067
245.100000	-0.060924	-5.112424	0.000000	2.330782e+019	4.660198e-067
245.200000	-0.060226	-5.111726	0.000000	2.298979e+019	4.786992e-067
245.300000	-0.059533	-5.111033	0.000000	2.267528e+019	4.916327e-067
245.400000	-0.058844	-5.110344	0.000000	2.236427e+019	5.048234e-067
245.500000	-0.058160	-5.109660	0.000000	2.205676e+019	5.182747e-067
245.600000	-0.057481	-5.108981	0.000000	2.175272e+019	5.319900e-067
245.700000	-0.056807	-5.108307	0.000000	2.145216e+019	5.459726e-067
245.800000	-0.056137	-5.107637	0.000000	2.115505e+019	5.602261e-067
245.900000	-0.055471	-5.106971	0.000000	2.086139e+019	5.747537e-067
246.000000	-0.054810	-5.106310	0.000000	2.057115e+019	5.895591e-067
246.100000	-0.054153	-5.105653	0.000000	2.028433e+019	6.046458e-067
246.200000	-0.053500	-5.105000	0.000000	2.000091e+019	6.200173e-067
246.300000	-0.052852	-5.104352	0.000000	1.972087e+019	6.356772e-067
246.400000	-0.052207	-5.103707	0.000000	1.944420e+019	6.516292e-067
246.500000	-0.051567	-5.103067	0.000000	1.917087e+019	6.678770e-067
246.600000	-0.050931	-5.102431	0.000000	1.890087e+019	6.844243e-067
246.700000	-0.050298	-5.101798	0.000000	1.863417e+019	7.012749e-067
246.800000	-0.049670	-5.101170	0.000000	1.837077e+019	7.184326e-067
246.900000	-0.049045	-5.100545	0.000000	1.811063e+019	7.359012e-067
247.000000	-0.048424	-5.099924	0.000000	1.785374e+019	7.536848e-067
247.100000	-0.047807	-5.099307	0.000000	1.760008e+019	7.717872e-067
247.200000	-0.047194	-5.098694	0.000000	1.734962e+019	7.902124e-067
247.300000	-0.046584	-5.098084	0.000000	1.710235e+019	8.089646e-067
247.400000	-0.045978	-5.097478	0.000000	1.685823e+019	8.280477e-067
247.500000	-0.045375	-5.096875	0.000000	1.661725e+019	8.474660e-067
247.600000	-0.044776	-5.096276	0.000000	1.637938e+019	8.672237e-067
247.700000	-0.044180	-5.095680	0.000000	1.614459e+019	8.873250e-067
247.800000	-0.043588	-5.095088	0.000000	1.591288e+019	9.077743e-067
247.900000	-0.042999	-5.094499	0.000000	1.568420e+019	9.285760e-067
248.000000	-0.042413	-5.093913	0.000000	1.545854e+019	9.497344e-067
248.100000	-0.041830	-5.093330	0.000000	1.523586e+019	9.712541e-067
248.200000	-0.041251	-5.092751	0.000000	1.501615e+019	9.931396e-067
248.300000	-0.040675	-5.092175	0.000000	1.479938e+019	1.015395e-066
248.400000	-0.040102	-5.091602	0.000000	1.458552e+019	1.038026e-066
248.500000	-0.039532	-5.091032	0.000000	1.437455e+019	1.061037e-066
248.600000	-0.038964	-5.090464	0.000000	1.416643e+019	1.084433e-066
248.700000	-0.038400	-5.089900	0.000000	1.396115e+019	1.108218e-066
248.800000	-0.037839	-5.089339	0.000000	1.375868e+019	1.132397e-066
248.900000	-0.037281	-5.088781	0.000000	1.355899e+019	1.156976e-066
249.000000	-0.036725	-5.088225	0.000000	1.336205e+019	1.181959e-066
249.100000	-0.036173	-5.087673	0.000000	1.316783e+019	1.207352e-066
249.200000	-0.035623	-5.087123	0.000000	1.297632e+019	1.233160e-066
249.300000	-0.035076	-5.086576	0.000000	1.278747e+019	1.259388e-066
249.400000	-0.034531	-5.086031	0.000000	1.260127e+019	1.286041e-066
249.500000	-0.033989	-5.085489	0.000000	1.241769e+019	1.313126e-066
249.600000	-0.033450	-5.084950	0.000000	1.223670e+019	1.340646e-066
249.700000	-0.032913	-5.084413	0.000000	1.205827e+019	1.368609e-066
249.800000	-0.032379	-5.083879	0.000000	1.188237e+019	1.397019e-066
249.900000	-0.031847	-5.083347	0.000000	1.170898e+019	1.425883e-066
250.000000	-0.031318	-5.082818	0.000000	1.153807e+019	1.455206e-066
250.100000	-0.030791	-5.082291	0.000000	1.136962e+019	1.484994e-066
250.200000	-0.030267	-5.081767	0.000000	1.120359e+019	1.515253e-066
250.300000	-0.029745	-5.081245	0.000000	1.103995e+019	1.545989e-066
250.400000	-0.029225	-5.080725	0.000000	1.087869e+019	1.577209e-066
250.500000	-0.028707	-5.080207	0.000000	1.071976e+019	1.608918e-066
250.600000	-0.028192	-5.079692	0.000000	1.056316e+019	1.641123e-066
250.700000	-0.027679	-5.079179	0.000000	1.040884e+019	1.673830e-066
250.800000	-0.027168	-5.078668	0.000000	1.025678e+019	1.707047e-066
250.900000	-0.026659	-5.078159	0.000000	1.010696e+019	1.740778e-066
251.000000	-0.026153	-5.077653	0.000000	9.959344e+018	1.775032e-066
251.100000	-0.025648	-5.077148	0.000000	9.813909e+018	1.809815e-066
251.200000	-0.025146	-5.076646	0.000000	9.670627e+018	1.845133e-066
251.300000	-0.024645	-5.076145	0.000000	9.529473e+018	1.880995e-066
251.400000	-0.024147	-5.075647	0.000000	9.390419e+018	1.917406e-066
251.500000	-0.023650	-5.075150	0.000000	9.253439e+018	1.954375e-066
251.600000	-0.023156	-5.074656	0.000000	9.118507e+018	1.991907e-066
251.700000	-0.022663	-5.074163	0.000000	8.985598e+018	2.030012e-066
251.800000	-0.022172	-5.073672	0.000000	8.854684e+018	2.068696e-066
251.900000	-0.021683	-5.073183	0.000000	8.725740e+018	2.107967e-066
252.000000	-0.021196	-5.072696	0.000000	8.598741e+018	2.147833e-066
252.100000	-0.020711	-5.072211	0.000000	8.473661e+018	2.188301e-066
252.200000	-0.020227	-5.071727	0.000000	8.350475e+018	2.229379e-066
252.300000	-0.019745	-5.071245	0.000000	8.229157e+018	2.271076e-066
252.400000	-0.019265	-5.070765	0.000000	8.109683e+018	2.313400e-066
252.500000	-0.018787	-5.070287	0.000000	7.992028e+018	2.356358e-066
252.600000	-0.018310	-5.069810	0.000000	7.876168e+018	2.399960e-066
252.700000	-0.017835	-5.069335	0.000000	7.762077e+018	2.444214e-066
252.800000	-0.017362	-5.068862	0.000000	7.649732e+018	2.489128e-066
252.900000	-0.016890	-5.068390	0.000000	7.539108e+018	2.534712e-066
253.000000	-0.016420	-5.067920	0.000000	7.430183e+018	2.580973e-066
253.100000	-0.015951	-5.067451	0.000000	7.322932e+018	2.627922e-066
253.200000	-0.015484	-5.066984	0.000000	7.217331e+018	2.675567e-066
253.300000	-0.015018	-5.066518	0.000000	7.113358e+018	2.723918e-066
253.400000	-0.014554	-5.066054	0.000000	7.010989e+018	2.772984e-066
253.500000	-0.014091	-5.065591	0.000000	6.910202e+018	2.822774e-066
253.600000	-0.013630	-5.065130	0.000000	6.810974e+018	2.873299e-066
253.700000	-0.013170	-5.064670	0.000000	6.713283e+018	2.924567e-066
253.800000	-0.012712	-5.064212	0.000000	6.617106e+018	2.976590e-066
253.900000	-0.012255	-5.063755	0.000000	6.522422e+018	3.029376e-066
254.000000	-0.011799	-5.063299	0.000000	6.429208e+018	3.082937e-066
254.100000	-0.011345	-5.062845	0.000000	6.337444e+018	3.137282e-066
254.200000	-0.010892	-5.062392	0.000000	6.247107e+018	3.192423e-066
254.300000	-0.010440	-5.061940	0.000000	6.158177e+018	3.248369e-066
254.400000	-0.009990	-5.061490	0.000000	6.070633e+018	3.305132e-066
254.500000	-0.009540	-5.061040	0.000000	5.984455e+018	3.362723e-066
254.600000	-0.009093	-5.060593	0.000000	5.899621e+018	3.421152e-066
254.700000	-0.008646	-5.060146	0.000000	5.816112e+018	3.480431e-066
254.800000	-0.008200	-5.059700	0.000000	5.733907e+018	3.540572e-066
254.900000	-0.007756	-5.059256	0.000000	5.652987e+018	3.601586e-066
255.000000	-0.007313	-5.058813	0.000000	5.573333e+018	3.663484e-066
260.000000	0.013352	-5.038148	0.000000	2.852149e+018	8.111175e-066
265.000000	0.032526	-5.018974	0.000000	1.556902e+018	1.695703e-065
270.000000	0.050885	-5.000615	0.000000	8.812629e+017	3.435664e-065
275.000000	0.068783	-4.982717	0.000000	4.999875e+017	6.838658e-065
280.000000	0.086419	-4.965081	0.000000	2.788271e+017	1.347603e-064
285.000000	0.103909	-4.947591	0.000000	1.520275e+017	2.640684e-064
290.000000	0.121320	-4.930180	0.000000	8.124525e+016	5.158726e-064
295.000000	0.138689	-4.912811	0.000000	4.277550e+016	1.006140e-063
300.000000	0.156035	-4.895465	0.000000	2.229946e+016	1.960653e-063
305.000000	0.173369	-4.878131	0.000000	1.155464e+016	3.818987e-063
310.000000	0.190698	-4.860802	0.000000	5.965842e+015	7.436946e-063
315.000000	0.208023	-4.843477	0.000000	3.073898e+015	1.448068e-062
320.000000	0.225346	-4.826154	0.000000	1.581892e+015	2.819398e-062
325.000000	0.242669	-4.808831	0.000000	8.134695e+014	5.489212e-062
330.000000	0.259992	-4.791508	0.000000	4.181245e+014	1.068702e-061
335.000000	0.277314	-4.774186	0.000000	2.148551e+014	2.080652e-061
340.000000	0.294636	-4.756864	0.000000	1.103850e+014	4.050796e-061
345.000000	0.311958	-4.739542	0.000000	5.670600e+013	7.886429e-061
350.000000	0.329280	-4.722220	0.000000	2.912876e+013	1.535394e-060
355.000000	0.346602	-4.704898	0.000000	1.496237e+013	2.989229e-060
360.000000	0.363924	-4.687576	0.000000	7.685473e+012	5.819670e-060
365.000000	0.381246	-4.670254	0.000000	3.947630e+012	1.133020e-059
370.000000	0.398567	-4.652933	0.000000	2.027683e+012	2.205853e-059
375.000000	0.415889	-4.635611	0.000000	1.041508e+012	4.294529e-059
380.000000	0.433211	-4.618289	0.000000	5.349636e+011	8.360929e-059
385.000000	0.450533	-4.600967	0.000000	2.747803e+011	1.627772e-058
390.000000	0.467855	-4.583645	0.000000	1.411389e+011	3.169075e-058
395.000000	0.485177	-4.566323	0.000000	7.249499e+010	6.169807e-058
400.000000	0.502499	-4.549001	0.000000	3.723652e+010	1.201187e-057
405.000000	0.519821	-4.531679	0.000000	1.912627e+010	2.338566e-057
410.000000	0.537143	-4.514357	0.000000	9.824066e+009	4.552905e-057
415.000000	0.554465	-4.497035	0.000000	5.046059e+009	8.863956e-057
420.000000	0.571787	-4.479713	0.000000	2.591871e+009	1.725705e-056
425.000000	0.589109	-4.462391	0.000000	1.331295e+009	3.359739e-056
430.000000	0.606431	-4.445069	0.000000	6.838099e+008	6.541007e-056
435.000000	0.623752	-4.427748	0.000000	3.512338e+008	1.273455e-055
440.000000	0.641074	-4.410426	0.000000	1.804083e+008	2.479263e-055
445.000000	0.658396	-4.393104	0.000000	9.266480e+007	4.826826e-055
450.000000	0.675718	-4.375782	0.000000	4.759630e+007	9.397247e-055
455.000000	0.693040	-4.358460	0.000000	2.444776e+007	1.829530e-054
460.000000	0.710362	-4.341138	0.000000	1.255775e+007	3.561875e-054
465.000000	0.727684	-4.323816	0.000000	6.450245e+006	6.934540e-054
470.000000	0.745006	-4.306494	0.000000	3.313055e+006	1.350071e-053
475.000000	0.762328	-4.289172	0.000000	1.701836e+006	2.628425e-053
480.000000	0.779650	-4.271850	0.000000	8.743648e+005	5.117227e-053
485.000000	0.796972	-4.254528	0.000000	4.492114e+005	9.962622e-053
490.000000	0.814294	-4.237206	0.000000	2.306080e+005	1.939602e-052
495.000000	0.831615	-4.219885	0.000000	1.182142e+005	3.776171e-052
500.000000	0.848937	-4.202563	0.000000	6.052980e+004	7.351749e-052
505.000000	0.866259	-4.185241	0.000000	3.100153e+004	1.431297e-051
510.000000	0.883581	-4.167919	0.000000	1.589638e+004	2.786562e-051
515.000000	0.900903	-4.150597	0.000000	8.142009e+003	5.425099e-051
520.000000	0.918225	-4.133275	0.000000	4.136732e+003	1.056201e-050
525.000000	0.935547	-4.115953	0.000000	2.062655e+003	2.056296e-050
530.000000	0.952869	-4.098631	0.000000	9.975507e+002	4.003361e-050
535.000000	0.970191	-4.081309	0.000000	4.631369e+002	7.794060e-050
540.000000	0.987513	-4.063987	0.000000	2.048536e+002	1.517409e-049
545.000000	1.004835	-4.046665	0.000000	8.590774e+001	2.954213e-049
550.000000	1.022157	-4.029343	0.000000	3.406853e+001	5.751495e-049
555.000000	1.039479	-4.012021	0.000000	1.276420e+001	1.119747e-048
560.000000	1.056800	-3.994700	0.000000	4.518664e+000	2.180011e-048
565.000000	1.074122	-3.977378	0.000000	1.512704e+000	4.244219e-048
570.000000	1.091444	-3.960056	0.000000	4.794557e-001	8.262981e-048
575.000000	1.108766	-3.942734	0.000000	1.440816e-001	1.608703e-047
580.000000	1.126088	-3.925412	0.000000	4.111410e-002	3.131950e-047
585.000000	1.143410	-3.908090	0.000000	1.115735e-002	6.097528e-047
590.000000	1.160732	-3.890768	0.000000	2.883880e-003	1.187115e-046
595.000000	1.178054	-3.873446	0.000000	7.110101e-004	2.311169e-046
600.000000	1.195376	-3.856124	0.000000	1.674435e-004	4.499568e-046
605.000000	1.212698	-3.838802	0.000000	3.771700e-005	8.760115e-046
610.000000	1.230020	-3.821480	0.000000	8.136457e-006	1.705489e-045
615.000000	1.247342	-3.804158	0.000000	1.683010e-006	3.320380e-045
620.000000	1.264663	-3.786837	0.000000	3.341847e-007	6.464379e-045
625.000000	1.281985	-3.769515	0.000000	6.376812e-008	1.258537e-044
630.000000	1.299307	-3.752193	0.000000	1.170527e-008	2.450219e-044
635.000000	1.316629	-3.734871	0.000000	2.068898e-009	4.770280e-044
640.000000	1.333951	-3.717549	0.000000	3.524316e-010	9.287158e-044
645.000000	1.351273	-3.700227	0.000000	5.791156e-011	1.808098e-043
650.000000	1.368595	-3.682905	0.000000	9.186882e-012	3.520147e-043
655.000000	1.385917	-3.665583	0.000000	1.408068e-012	6.853302e-043
660.000000	1.403239	-3.648261	0.000000	2.086677e-013	1.334255e-042
665.000000	1.420561	-3.630939	0.000000	2.992064e-014	2.597633e-042
670.000000	1.437883	-3.613617	0.000000	4.153982e-015	5.057279e-042
675.000000	1.455205	-3.596295	0.000000	5.587490e-016	9.845910e-042
680.000000	1.472527	-3.578973	0.000000	7.286105e-017	1.916880e-041
685.000000	1.489848	-3.561652	0.000000	9.216311e-018	3.731933e-041
690.000000	1.507170	-3.544330	0.000000	1.131481e-018	7.265624e-041
695.000000	1.524492	-3.527008	0.000000	1.348969e-019	1.414529e-040
700.000000	1.541814	-3.509686	0.000000	1.562595e-020	2.753917e-040
705.000000	1.559136	-3.492364	0.000000	1.759536e-021	5.361545e-040
710.000000	1.576458	-3.475042	0.000000	1.926929e-022	1.043828e-039
715.000000	1.593780	-3.457720	0.000000	2.053288e-023	2.032207e-039
720.000000	1.611102	-3.440398	0.000000	2.129827e-024	3.956461e-039
725.000000	1.628424	-3.423076	0.000000	2.151469e-025	7.702752e-039
730.000000	1.645746	-3.405754	0.000000	2.117398e-026	1.499633e-038
735.000000	1.663068	-3.388432	0.000000	2.031046e-027	2.919604e-038
740.000000	1.680390	-3.371110	0.000000	1.899567e-028	5.684116e-038
745.000000	1.697711	-3.353789	0.000000	1.732884e-029	1.106629e-037
750.000000	1.715033	-3.336467	0.000000	1.542484e-030	2.154473e-037
755.000000	1.732355	-3.319145	0.000000	1.340172e-031	4.194498e-037
760.000000	1.749677	-3.301823	0.000000	1.136936e-032	8.166181e-037
765.000000	1.766999	-3.284501	0.000000	9.420834e-034	1.589857e-036
770.000000	1.784321	-3.267179	0.000000	7.627092e-035	3.095259e-036
775.000000	1.801643	-3.249857	0.000000	6.035022e-036	6.026095e-036
780.000000	1.818965	-3.232535	0.000000	4.668521e-037	1.173208e-035
785.000000	1.836287	-3.215213	0.000000	3.531723e-038	2.284094e-035
790.000000	1.853609	-3.197891	0.000000	2.613508e-039	4.446855e-035
795.000000	1.870931	-3.180569	0.000000	1.892388e-040	8.657490e-035
800.000000	1.888253	-3.163247	0.000000	1.341103e-041	1.685509e-034
805.000000	1.905574	-3.145926	0.000000	9.304495e-043	3.281482e-034
810.000000	1.922896	-3.128604	0.000000	6.321382e-044	6.388649e-034
815.000000	1.940218	-3.111282	0.000000	4.206561e-045	1.243793e-033
820.000000	1.957540	-3.093960	0.000000	2.742475e-046	2.421514e-033
825.000000	1.974862	-3.076638	0.000000	1.752107e-047	4.714396e-033
830.000000	1.992184	-3.059316	0.000000	1.097185e-048	9.178359e-033
835.000000	2.009506	-3.041994	0.000000	6.735934e-050	1.786916e-032
840.000000	2.026828	-3.024672	0.000000	4.055167e-051	3.478909e-032
845.000000	2.044150	-3.007350	0.000000	2.394446e-052	6.773016e-032
850.000000	2.061472	-2.990028	0.000000	1.387001e-053	1.318624e-031
855.000000	2.078794	-2.972706	0.000000	7.883372e-055	2.567202e-031
860.000000	2.096116	-2.955384	0.000000	4.397410e-056	4.998033e-031
865.000000	2.113438	-2.938062	0.000000	2.407773e-057	9.730566e-031
870.000000	2.130759	-2.920741	0.000000	1.294345e-058	1.894424e-030
875.000000	2.148081	-2.903419	0.000000	6.832521e-060	3.688214e-030
880.000000	2.165403	-2.886097	0.000000	3.542313e-061	7.180507e-030
885.000000	2.182725	-2.868775	0.000000	1.804035e-062	1.397958e-029
890.000000	2.200047	-2.851453	0.000000	9.026733e-064	2.721655e-029
895.000000	2.217369	-2.834131	0.000000	4.438308e-065	5.298734e-029
900.000000	2.234691	-2.816809	0.000000	2.144756e-066	1.031600e-028
905.000000	2.252013	-2.799487	0.000000	1.018786e-067	2.008400e-028
910.000000	2.269335	-2.782165	0.000000	4.757751e-069	3.910112e-028
915.000000	2.286657	-2.764843	0.000000	2.184753e-070	7.612515e-028
920.000000	2.303979	-2.747521	0.000000	9.866236e-072	1.482065e-027
925.000000	2.321301	-2.730199	0.000000	4.382427e-073	2.885401e-027
930.000000	2.338622	-2.712878	0.000000	1.914943e-074	5.617527e-027
935.000000	2.355944	-2.695556	0.000000	8.232622e-076	1.093665e-026
940.000000	2.373266	-2.678234	0.000000	3.482757e-077	2.129233e-026
945.000000	2.390588	-2.660912	0.000000	1.450012e-078	4.145359e-026
950.000000	2.407910	-2.643590	0.000000	5.942139e-080	8.070514e-026
955.000000	2.425232	-2.626268	0.000000	2.397150e-081	1.571232e-025
960.000000	2.442554	-2.608946	0.000000	9.521080e-083	3.058998e-025
965.000000	2.459876	-2.591624	0.000000	3.723678e-084	5.955500e-025
970.000000	2.477198	-2.574302	0.000000	1.434195e-085	1.159464e-024
975.000000	2.494520	-2.556980	0.000000	5.440629e-087	2.257336e-024
980.000000	2.511842	-2.539658	0.000000	2.033049e-088	4.394761e-024
985.000000	2.529164	-2.522336	0.000000	7.484406e-090	8.556068e-024
990.000000	2.546486	-2.505014	0.000000	2.714744e-091	1.665763e-023
995.000000	2.563807	-2.487693	0.000000	9.703165e-093	3.243040e-023
1000.000000	2.581129	-2.470371	0.000000	3.417912e-094	6.313806e-023
1005.000000	2.598451	-2.453049	0.000000	1.186643e-095	1.229222e-022
1010.000000	2.615773	-2.435727	0.000000	4.061064e-097	2.393146e-022
1015.000000	2.633095	-2.418405	0.000000	1.370147e-098	4.659167e-022
1020.000000	2.650417	-2.401083	0.000000	4.557736e-100	9.070835e-022
1025.000000	2.667739	-2.383761	0.000000	1.494967e-101	1.765982e-021
1030.000000	2.685061	-2.366439	0.000000	4.835707e-103	3.438154e-021
1035.000000	2.702383	-2.349117	0.000000	1.542690e-104	6.693670e-021
1040.000000	2.719705	-2.331795	0.000000	4.854358e-106	1.303177e-020
1045.000000	2.737027	-2.314473	0.000000	1.506824e-107	2.537128e-020
1050.000000	2.754349	-2.297151	0.000000	4.614379e-109	4.939481e-020
1055.000000	2.771670	-2.279830	0.000000	1.394203e-110	9.616573e-020
1060.000000	2.788992	-2.262508	0.000000	4.156638e-112	1.872231e-019
1065.000000	2.806314	-2.245186	0.000000	1.222932e-113	3.645007e-019
1070.000000	2.823636	-2.227864	0.000000	3.550969e-115	7.096388e-019
1075.000000	2.840958	-2.210542	0.000000	1.017689e-116	1.381581e-018
1080.000000	2.858280	-2.193220	0.000000	2.879026e-118	2.689771e-018
1085.000000	2.875602	-2.175898	0.000000	8.040393e-120	5.236660e-018
1090.000000	2.892924	-2.158576	0.000000	2.216908e-121	1.019514e-017
1095.000000	2.910246	-2.141254	0.000000	6.035238e-123	1.984871e-017
1100.000000	2.927568	-2.123932	0.000000	1.622385e-124	3.864305e-017
1105.000000	2.944890	-2.106610	0.000000	4.306880e-126	7.523335e-017
1110.000000	2.962212	-2.089288	0.000000	1.129163e-127	1.464702e-016
1115.000000	2.979534	-2.071966	0.000000	2.923954e-129	2.851599e-016
1120.000000	2.996855	-2.054645	0.000000	7.478934e-131	5.551718e-016
1125.000000	3.014177	-2.037323	0.000000	1.889724e-132	1.080852e-015
1130.000000	3.031499	-2.020001	0.000000	4.717155e-134	2.104289e-015
1135.000000	3.048821	-2.002679	0.000000	1.163373e-135	4.096797e-015
1140.000000	3.066143	-1.985357	0.000000	2.834962e-137	7.975968e-015
1145.000000	3.083465	-1.968035	0.000000	6.826496e-139	1.552825e-014
1150.000000	3.100787	-1.950713	0.000000	1.624437e-140	3.023162e-014
1155.000000	3.118109	-1.933391	0.000000	3.820273e-142	5.885731e-014
1160.000000	3.135431	-1.916069	0.000000	8.879801e-144	1.145881e-013
1165.000000	3.152753	-1.898747	0.000000	2.040142e-145	2.230892e-013
1170.000000	3.170075	-1.881425	0.000000	4.633367e-147	4.343276e-013
1175.000000	3.187397	-1.864103	0.000000	1.040260e-148	8.455834e-013
1180.000000	3.204718	-1.846782	0.000000	2.309013e-150	1.646249e-012
1185.000000	3.222040	-1.829460	0.000000	5.067328e-152	3.205048e-012
1190.000000	3.239362	-1.812138	0.000000	1.099585e-153	6.239840e-012
1195.000000	3.256684	-1.794816	0.000000	2.359419e-155	1.214822e-011
1200.000000	3.274006	-1.777494	0.000000	5.006514e-157	2.365111e-011
1205.000000	3.291328	-1.760172	0.000000	1.050627e-158	4.604585e-011
1210.000000	3.308650	-1.742850	0.000000	2.180577e-160	8.964571e-011
1215.000000	3.325972	-1.725528	0.000000	4.476431e-162	1.745294e-010
1220.000000	3.343294	-1.708206	0.000000	9.089850e-164	3.397876e-010
1225.000000	3.360616	-1.690884	0.000000	1.825883e-165	6.615254e-010
1230.000000	3.377938	-1.673562	0.000000	3.628330e-167	1.287910e-009
1235.000000	3.395260	-1.656240	0.000000	7.133196e-169	2.507405e-009
1240.000000	3.412582	-1.638918	0.000000	1.387494e-170	4.881615e-009
1245.000000	3.429903	-1.621597	0.000000	2.670380e-172	9.503915e-009
1250.000000	3.447225	-1.604275	0.000000	5.085517e-174	1.850297e-008
1255.000000	3.464547	-1.586953	0.000000	9.583902e-176	3.602306e-008
1260.000000	3.481869	-1.569631	0.000000	1.787385e-177	7.013254e-008
1265.000000	3.499191	-1.552309	0.000000	3.299056e-179	1.365396e-007
1270.000000	3.516513	-1.534987	0.000000	6.026692e-181	2.658261e-007
1275.000000	3.533835	-1.517665	0.000000	1.089711e-182	5.175312e-007
1280.000000	3.551157	-1.500343	0.000000	1.950330e-184	1.007571e-006
1285.000000	3.568479	-1.483021	0.000000	3.455390e-186	1.961619e-006
1290.000000	3.585801	-1.465699	0.000000	6.060277e-188	3.819035e-006
1295.000000	3.603123	-1.448377	0.000000	1.052259e-189	7.435199e-006
1300.000000	3.620445	-1.431055	0.000000	1.808918e-191	1.447543e-005
1305.000000	3.637766	-1.413734	0.000000	3.078830e-193	2.818192e-005
1310.000000	3.655088	-1.396412	0.000000	5.188665e-195	5.486680e-005
1315.000000	3.672410	-1.379090	0.000000	8.658589e-197	1.068190e-004
1320.000000	3.689732	-1.361768	0.000000	1.430827e-198	2.079637e-004
1325.000000	3.707054	-1.344446	0.000000	2.341662e-200	4.048803e-004
1330.000000	3.724376	-1.327124	0.000000	3.794900e-202	7.882530e-004
1335.000000	3.741698	-1.309802	0.000000	6.091572e-204	1.534633e-003
1340.000000	3.759020	-1.292480	0.000000	9.683280e-206	2.987746e-003
1345.000000	3.776342	-1.275158	0.000000	1.525409e-207	5.816780e-003
1350.000000	3.793664	-1.257836	0.000000	2.379337e-209	1.132457e-002
1355.000000	3.810986	-1.240514	0.000000	3.673986e-211	2.204757e-002
1360.000000	3.828308	-1.223192	0.000000	5.622446e-213	4.292395e-002
1365.000000	3.845630	-1.205870	0.000000	8.533197e-215	8.356774e-002
1370.000000	3.862951	-1.188549	0.000000	1.282708e-216	1.626963e-001
1375.000000	3.880273	-1.171227	0.000000	1.906357e-218	3.167501e-001
1380.000000	3.897595	-1.153905	0.000000	2.807916e-220	6.166741e-001
1385.000000	3.914917	-1.136583	0.000000	4.073118e-222	1.200590e+000
1390.000000	3.932239	-1.119261	0.000000	5.929031e-224	2.337404e+000
1395.000000	3.949561	-1.101939	0.000000	8.367913e-226	4.550642e+000
1400.000000	3.966883	-1.084617	0.000000	1.277031e-227	8.859551e+000
1405.000000	3.984205	-1.067295	0.000000	1.614563e-229	1.724848e+001
1410.000000	4.001527	-1.049973	0.000000	2.604226e-231	3.358070e+001
1415.000000	4.018849	-1.032651	0.000000	3.031253e-233	6.537756e+001
1420.000000	4.036171	-1.015329	0.000000	5.783934e-235	1.272822e+002
1425.000000	4.053493	-0.998007	0.000000	4.974199e-237	2.478031e+002
1430.000000	4.070814	-0.980686	0.000000	1.443355e-238	4.824427e+002
1435.000000	4.088136	-0.963364	0.000000	1.200275e-240	9.392577e+002
1440.000000	4.105458	-0.946042	0.000000	5.494328e-242	1.828621e+003
1445.000000	4.122780	-0.928720	0.000000	4.043519e-244	3.560105e+003
1450.000000	4.140102	-0.911398	0.000000	1.184434e-245	6.931094e+003
1455.000000	4.157424	-0.894076	0.000000	2.165838e-248	1.349400e+004
1460.000000	4.174746	-0.876754	0.000000	3.177900e-248	2.627119e+004
1465.000000	4.192068	-0.859432	0.000000	9.061498e-250	5.114684e+004
1470.000000	4.209390	-0.842110	0.000000	9.876204e-251	9.957672e+004
1475.000000	4.226712	-0.824788	0.000000	5.854444e-254	1.938638e+005
1480.000000	4.244034	-0.807466	0.000000	1.733319e-255	3.774295e+005
1485.000000	4.261356	-0.790144	0.000000	2.420732e-257	7.348096e+005
1490.000000	4.278677	-0.772823	0.000000	4.056609e-257	1.430586e+006
1495.000000	4.295999	-0.755501	0.000000	2.421216e-258	2.785177e+006
1500.000000	4.313321	-0.738179	0.000000	7.896529e-261	5.422404e+006
1505.000000	4.330643	-0.720857	0.000000	3.142070e-264	1.055676e+007
1510.000000	4.347965	-0.703535	0.000000	3.510796e-262	2.055275e+007
1515.000000	4.365287	-0.686213	0.000000	4.005037e-265	4.001371e+007
1520.000000	4.382609	-0.668891	0.000000	4.293848e-265	7.790187e+007
1525.000000	4.399931	-0.651569	0.000000	1.667549e-265	1.516655e+008
1530.000000	4.417253	-0.634247	0.000000	4.928048e-267	2.952745e+008
1535.000000	4.434575	-0.616925	0.000000	1.564915e-269	5.748637e+008
1540.000000	4.451897	-0.599603	0.000000	3.087400e-271	1.119190e+009
1545.000000	4.469219	-0.582281	0.000000	1.449270e-274	2.178928e+009
1550.000000	4.486541	-0.564959	0.000000	9.806877e-275	4.242110e+009
1555.000000	4.503862	-0.547638	0.000000	1.798141e-277	8.258875e+009
1560.000000	4.521184	-0.530316	0.000000	1.280004e-276	1.607903e+010
1565.000000	4.538506	-0.512994	0.000000	1.397116e-281	3.130393e+010
1570.000000	4.555828	-0.495672	0.000000	6.239800e-280	6.094498e+010
1575.000000	4.573150	-0.478350	0.000000	3.592498e-281	1.186525e+011
1580.000000	4.590472	-0.461028	0.000000	4.109722e-283	2.310021e+011
1585.000000	4.607794	-0.443706	0.000000	2.581532e-286	4.497332e+011
1590.000000	4.625116	-0.426384	0.000000	8.018757e-287	8.755762e+011
1595.000000	4.642438	-0.409062	0.000000	2.953964e-287	1.704641e+012
1600.000000	4.659760	-0.391740	0.000000	2.513138e-294	3.318731e+012
1605.000000	4.677082	-0.374418	0.000000	4.324741e-293	6.461169e+012
1610.000000	4.694404	-0.357096	0.000000	6.218214e-292	1.257912e+013
1615.000000	4.711726	-0.339774	0.000000	4.065452e-295	2.449004e+013
1620.000000	4.729047	-0.322453	0.000000	3.923850e-294	4.767919e+013
1625.000000	4.746369	-0.305131	0.000000	4.202126e-299	9.282581e+013
1630.000000	4.763691	-0.287809	0.000000	1.023158e-297	1.807213e+014
1635.000000	4.781014	-0.270486	0.000000	4.297155e-301	3.518452e+014
1640.000000	4.798336	-0.253164	0.000000	5.780859e-301	6.850101e+014
1645.000000	4.815659	-0.235841	0.000000	3.383024e-302	1.333670e+015
1650.000000	4.832982	-0.218518	0.000000	2.669203e-306	2.596637e+015
1655.000000	4.850307	-0.201193	0.000000	9.363609e-309	5.055882e+015
1660.000000	4.867634	-0.183866	0.000000	7.560684e-307	9.845250e+015
1665.000000	4.884966	-0.166534	0.000000	3.775098e-307	1.917532e+016
1670.000000	4.902309	-0.149191	0.000000	1.695449e-310	3.736165e+016
1675.000000	4.919671	-0.131829	0.000000	6.387885e-311	7.285107e+016
1680.000000	4.937071	-0.114429	0.000000	5.025059e-314	1.422599e+017
1685.000000	4.954546	-0.096954	0.000000	3.696914e-313	2.785941e+017
1690.000000	4.972166	-0.079334	0.000000	1.274853e-315	5.486506e+017
1695.000000	4.990074	-0.061426	0.000000	3.899112e-318	1.092481e+018
1700.000000	5.008552	-0.042948	0.000000	1.360563e-318	2.223709e+018
1705.000000	5.028195	-0.023305	0.000000	4.302818e-320	4.733398e+018
1710.000000	5.050313	-0.001187	0.000000	5.286502e-322	1.108227e+019
1715.000000	5.078229	0.026729	0.000000	4.940656e-324	3.242811e+019
1720.000000	5.123108	0.071608	0.000000	0.000000e+000	1.822102e+020
1725.000000	5.781247	-0.049953	0.000000	0.000000e+000	1.698503e+018
1735.000000	5.721766	-0.109434	0.000000	0.000000e+000	1.723898e+017
1745.000000	5.662649	-0.168551	0.000000	0.000000e+000	1.774382e+016
1755.000000	5.603570	-0.227630	0.000000	0.000000e+000	1.828982e+015
1765.000000	5.544495	-0.286705	0.000000	0.000000e+000	1.885542e+014
1775.000000	5.485420	-0.345780	0.000000	0.000000e+000	1.943882e+013
1785.000000	5.426345	-0.404855	0.000000	0.000000e+000	2.004029e+012
1795.000000	5.367270	-0.463930	0.000000	0.000000e+000	2.066038e+011
1805.000000	5.308195	-0.523005	0.000000	0.000000e+000	2.129966e+010
1815.000000	5.249120	-0.582080	0.000000	0.000000e+000	2.195872e+009
1825.000000	5.190045	-0.641155	0.000000	0.000000e+000	2.263818e+008
1835.000000	5.130970	-0.700230	0.000000	0.000000e+000	2.333865e+007
1845.000000	5.071895	-0.759305	0.000000	0.000000e+000	2.406080e+006
1855.000000	5.012820	-0.818380	0.000000	0.000000e+000	2.480530e+005
1865.000000	4.953745	-0.877455	0.000000	0.000000e+000	2.557283e+004
1875.000000	4.894671	-0.936529	0.000000	0.000000e+000	2.636411e+003
1885.000000	4.835596	-0.995604	0.000000	0.000000e+000	2.717988e+002
1895.000000	4.776521	-1.054679	0.000000	0.000000e+000	2.802088e+001
1905.000000	4.717446	-1.113754	0.000000	0.000000e+000	2.888791e+000
1915.000000	4.658371	-1.172829	0.000000	0.000000e+000	2.978177e-001
1925.000000	4.599296	-1.231904	0.000000	0.000000e+000	3.070328e-002
1935.000000	4.540221	-1.290979	0.000000	0.000000e+000	3.165331e-003
1945.000000	4.481146	-1.350054	0.000000	0.000000e+000	3.263274e-004
1955.000000	4.422071	-1.409129	0.000000	0.000000e+000	3.364247e-005
1965.000000	4.362996	-1.468204	0.000000	0.000000e+000	3.468344e-006
1975.000000	4.303921	-1.527279	0.000000	0.000000e+000	3.575662e-007
1985.000000	4.244847	-1.586353	0.000000	0.000000e+000	3.686301e-008
1995.000000	4.185772	-1.645428	0.000000	0.000000e+000	3.800364e-009
2005.000000	4.126697	-1.704503	0.000000	0.000000e+000	3.917956e-010
2015.000000	4.067622	-1.763578	0.000000	0.000000e+000	4.039186e-011
2025.000000	4.008547	-1.822653	0.000000	0.000000e+000	4.164168e-012
2035.000000	3.949472	-1.881728	0.000000	0.000000e+000	4.293016e-013
2045.000000	3.890397	-1.940803	0.000000	0.000000e+000	4.425852e-014
2055.000000	3.831322	-1.999878	0.000000	0.000000e+000	4.562798e-015
2065.000000	3.772247	-2.058953	0.000000	0.000000e+000	4.703981e-016
2075.000000	3.713172	-2.118028	0.000000	0.000000e+000	4.849533e-017
2085.000000	3.654097	-2.177103	0.000000	0.000000e+000	4.999588e-018
2095.000000	3.595023	-2.236177	0.000000	0.000000e+000	5.154287e-019
2105.000000	3.535948	-2.295252	0.000000	0.000000e+000	5.313772e-020
2115.000000	3.476873	-2.354327	0.000000	0.000000e+000	5.478192e-021
2125.000000	3.417798	-2.413402	0.000000	0.000000e+000	5.647700e-022
2135.000000	3.358723	-2.472477	0.000000	0.000000e+000	5.822452e-023
2145.000000	3.299648	-2.531552	0.000000	0.000000e+000	6.002612e-024
2155.000000	3.240573	-2.590627	0.000000	0.000000e+000	6.188346e-025
2165.000000	3.181498	-2.649702	0.000000	0.000000e+000	6.379828e-026
2175.000000	3.122423	-2.708777	0.000000	0.000000e+000	6.577234e-027
2185.000000	3.063348	-2.767852	0.000000	0.000000e+000	6.780748e-028
2195.000000	3.004273	-2.826927	0.000000	0.000000e+000	6.990560e-029
2205.000000	2.945199	-2.886001	0.000000	0.000000e+000	7.206864e-030
2215.000000	2.886124	-2.945076	0.000000	0.000000e+000	7.429860e-031
2225.000000	2.827049	-3.004151	0.000000	0.000000e+000	7.659757e-032
2235.000000	2.767974	-3.063226	0.000000	0.000000e+000	7.896767e-033
2245.000000	2.708899	-3.122301	0.000000	0.000000e+000	8.141111e-034
2255.000000	2.649824	-3.181376	0.000000	0.000000e+000	8.393015e-035
2265.000000	2.590749	-3.240451	0.000000	0.000000e+000	8.652714e-036
2275.000000	2.531674	-3.299526	0.000000	0.000000e+000	8.920448e-037
2285.000000	2.472599	-3.358601	0.000000	0.000000e+000	9.196467e-038
2295.000000	2.413524	-3.417676	0.000000	0.000000e+000	9.481026e-039
2305.000000	2.354449	-3.476751	0.000000	0.000000e+000	9.774390e-040
2315.000000	2.295375	-3.535825	0.000000	0.000000e+000	1.007683e-040
2325.000000	2.236300	-3.594900	0.000000	0.000000e+000	1.038863e-041
2335.000000	2.177225	-3.653975	0.000000	0.000000e+000	1.071008e-042
2345.000000	2.118150	-3.713050	0.000000	0.000000e+000	1.104147e-043
2355.000000	2.059075	-3.772125	0.000000	0.000000e+000	1.138312e-044
2365.000000	2.000000	-3.831200	0.000000	0.000000e+000	1.173534e-045
