x	Ec	Ev	Ef	n	p
0.000000	2.500000	-3.223500	0.000000	3.180628e-006	1.660711e-035
5.000000	2.380914	-3.342586	0.000000	1.287199e-006	1.702668e-037
10.000000	2.264996	-3.458504	0.000000	1.669460e-006	1.971848e-039
15.000000	2.152245	-3.571255	0.000000	5.844669e-006	2.579373e-041
20.000000	2.042659	-3.680841	0.000000	1.197146e-007	3.811026e-043
25.000000	1.936240	-3.787260	0.000000	8.283927e-007	6.359840e-045
30.000000	1.832985	-3.890515	0.000000	6.475752e-006	1.198719e-046
35.000000	1.732895	-3.990605	0.000000	1.117847e-004	2.551794e-048
40.000000	1.635968	-4.087532	0.000000	1.253109e-003	6.135099e-050
45.000000	1.542205	-4.181295	0.000000	1.907621e-002	1.665852e-051
50.000000	1.451605	-4.271895	0.000000	2.638851e-001	5.108362e-053
55.000000	1.364167	-4.359333	0.000000	3.318290e+000	1.769088e-054
60.000000	1.279891	-4.443609	0.000000	3.799705e+001	6.918819e-056
65.000000	1.198776	-4.524724	0.000000	3.969693e+002	3.055784e-057
70.000000	1.120822	-4.602678	0.000000	3.790030e+003	1.524106e-058
75.000000	1.046030	-4.677470	0.000000	3.310523e+004	8.584276e-060
80.000000	0.974397	-4.749103	0.000000	2.647118e+005	5.459885e-061
85.000000	0.905925	-4.817575	0.000000	1.937879e+006	3.921483e-062
90.000000	0.840613	-4.882887	0.000000	1.298593e+007	3.180539e-063
95.000000	0.778461	-4.945039	0.000000	7.962587e+007	2.912942e-064
100.000000	0.719468	-5.004032	0.000000	4.465636e+008	3.012601e-065
105.000000	0.663635	-5.059865	0.000000	2.289658e+009	3.518269e-066
110.000000	0.610962	-5.112538	0.000000	1.072838e+010	4.639740e-067
115.000000	0.561448	-5.162052	0.000000	4.592016e+010	6.909327e-068
120.000000	0.515094	-5.208406	0.000000	1.794823e+011	1.161867e-068
125.000000	0.471900	-5.251600	0.000000	6.403964e+011	2.206266e-069
130.000000	0.431866	-5.291634	0.000000	2.085284e+012	4.730885e-070
135.000000	0.394992	-5.328508	0.000000	6.195488e+012	1.145547e-070
140.000000	0.361278	-5.362222	0.000000	1.679245e+013	3.132358e-071
145.000000	0.330725	-5.392775	0.000000	4.151948e+013	9.671973e-072
150.000000	0.303330	-5.420170	0.000000	9.364976e+013	3.372294e-072
155.000000	0.279091	-5.444409	0.000000	1.927368e+014	1.327530e-072
160.000000	0.257999	-5.465501	0.000000	3.621079e+014	5.898295e-073
165.000000	0.240035	-5.483465	0.000000	6.217835e+014	2.955760e-073
170.000000	0.225168	-5.498332	0.000000	9.790760e+014	1.668527e-073
175.000000	0.213348	-5.510152	0.000000	1.429617e+015	1.059019e-073
180.000000	0.204514	-5.518986	0.000000	2.016130e+015	7.539435e-074
185.000000	0.198599	-5.524901	0.000000	3.139924e+015	6.005264e-074
190.000000	0.195546	-5.527954	0.000000	7.020671e+015	5.339948e-074
190.100000	0.195485	-5.528015	0.000000	7.186020e+015	5.327415e-074
190.200000	0.195424	-5.528076	0.000000	7.356633e+015	5.314910e-074
190.300000	0.195363	-5.528137	0.000000	7.532685e+015	5.302435e-074
190.400000	0.195302	-5.528198	0.000000	7.714355e+015	5.289989e-074
190.500000	0.195240	-5.528260	0.000000	7.901829e+015	5.277571e-074
190.600000	0.195179	-5.528321	0.000000	8.095299e+015	5.265183e-074
190.700000	0.195118	-5.528382	0.000000	8.294962e+015	5.252823e-074
190.800000	0.195057	-5.528443	0.000000	8.501023e+015	5.240491e-074
190.900000	0.194996	-5.528504	0.000000	8.713693e+015	5.228189e-074
191.000000	0.194935	-5.528565	0.000000	8.933190e+015	5.215915e-074
191.100000	0.194874	-5.528626	0.000000	9.159739e+015	5.203669e-074
191.200000	0.194813	-5.528687	0.000000	9.393572e+015	5.191452e-074
191.300000	0.194752	-5.528748	0.000000	9.634931e+015	5.179263e-074
191.400000	0.194690	-5.528810	0.000000	9.884062e+015	5.167102e-074
191.500000	0.194629	-5.528871	0.000000	1.014122e+016	5.154969e-074
191.600000	0.194568	-5.528932	0.000000	1.040668e+016	5.142864e-074
191.700000	0.194507	-5.528993	0.000000	1.068070e+016	5.130788e-074
191.800000	0.194446	-5.529054	0.000000	1.096357e+016	5.118739e-074
191.900000	0.194385	-5.529115	0.000000	1.125558e+016	5.106718e-074
192.000000	0.194324	-5.529176	0.000000	1.155704e+016	5.094725e-074
192.100000	0.194263	-5.529237	0.000000	1.186824e+016	5.082760e-074
192.200000	0.194201	-5.529299	0.000000	1.218952e+016	5.070822e-074
192.300000	0.194140	-5.529360	0.000000	1.252121e+016	5.058911e-074
192.400000	0.194079	-5.529421	0.000000	1.286365e+016	5.047029e-074
192.500000	0.194018	-5.529482	0.000000	1.321718e+016	5.035173e-074
192.600000	0.193957	-5.529543	0.000000	1.358219e+016	5.023345e-074
192.700000	0.193896	-5.529604	0.000000	1.395904e+016	5.011544e-074
192.800000	0.193835	-5.529665	0.000000	1.434812e+016	4.999770e-074
192.900000	0.193773	-5.529727	0.000000	1.474984e+016	4.988024e-074
193.000000	0.193712	-5.529788	0.000000	1.516461e+016	4.976304e-074
193.100000	0.193651	-5.529849	0.000000	1.559287e+016	4.964611e-074
193.200000	0.193590	-5.529910	0.000000	1.603504e+016	4.952945e-074
193.300000	0.193529	-5.529971	0.000000	1.649160e+016	4.941306e-074
193.400000	0.193468	-5.530032	0.000000	1.696302e+016	4.929694e-074
193.500000	0.193406	-5.530094	0.000000	1.744978e+016	4.918108e-074
193.600000	0.193345	-5.530155	0.000000	1.795239e+016	4.906549e-074
193.700000	0.193284	-5.530216	0.000000	1.847136e+016	4.895016e-074
193.800000	0.193223	-5.530277	0.000000	1.900725e+016	4.883509e-074
193.900000	0.193162	-5.530338	0.000000	1.956059e+016	4.872029e-074
194.000000	0.193100	-5.530400	0.000000	2.013197e+016	4.860575e-074
194.100000	0.193039	-5.530461	0.000000	2.072197e+016	4.849148e-074
194.200000	0.192978	-5.530522	0.000000	2.133122e+016	4.837746e-074
194.300000	0.192917	-5.530583	0.000000	2.196034e+016	4.826370e-074
194.400000	0.192856	-5.530644	0.000000	2.260998e+016	4.815020e-074
194.500000	0.192794	-5.530706	0.000000	2.328082e+016	4.803696e-074
194.600000	0.192733	-5.530767	0.000000	2.397355e+016	4.792398e-074
194.700000	0.192672	-5.530828	0.000000	2.468889e+016	4.781125e-074
194.800000	0.192611	-5.530889	0.000000	2.542759e+016	4.769878e-074
194.900000	0.192549	-5.530951	0.000000	2.619040e+016	4.758656e-074
195.000000	0.192488	-5.531012	0.000000	2.697813e+016	4.747460e-074
195.100000	0.192427	-5.531073	0.000000	2.779159e+016	4.736289e-074
195.200000	0.192366	-5.531134	0.000000	2.863162e+016	4.725143e-074
195.300000	0.192304	-5.531196	0.000000	2.949910e+016	4.714022e-074
195.400000	0.192243	-5.531257	0.000000	3.039492e+016	4.702927e-074
195.500000	0.192182	-5.531318	0.000000	3.132002e+016	4.691856e-074
195.600000	0.192121	-5.531379	0.000000	3.227535e+016	4.680810e-074
195.700000	0.192059	-5.531441	0.000000	3.326191e+016	4.669789e-074
195.800000	0.191998	-5.531502	0.000000	3.428072e+016	4.658793e-074
195.900000	0.191937	-5.531563	0.000000	3.533283e+016	4.647821e-074
196.000000	0.191875	-5.531625	0.000000	3.641935e+016	4.636874e-074
196.100000	0.191814	-5.531686	0.000000	3.754140e+016	4.625951e-074
196.200000	0.191753	-5.531747	0.000000	3.870014e+016	4.615053e-074
196.300000	0.191691	-5.531809	0.000000	3.989677e+016	4.604179e-074
196.400000	0.191630	-5.531870	0.000000	4.113254e+016	4.593328e-074
196.500000	0.191569	-5.531931	0.000000	4.240873e+016	4.582502e-074
196.600000	0.191507	-5.531993	0.000000	4.372667e+016	4.571700e-074
196.700000	0.191446	-5.532054	0.000000	4.508772e+016	4.560922e-074
196.800000	0.191385	-5.532115	0.000000	4.649329e+016	4.550167e-074
196.900000	0.191323	-5.532177	0.000000	4.794485e+016	4.539436e-074
197.000000	0.191262	-5.532238	0.000000	4.944390e+016	4.528729e-074
197.100000	0.191200	-5.532300	0.000000	5.099200e+016	4.518045e-074
197.200000	0.191139	-5.532361	0.000000	5.259075e+016	4.507385e-074
197.300000	0.191078	-5.532422	0.000000	5.424181e+016	4.496747e-074
197.400000	0.191016	-5.532484	0.000000	5.594690e+016	4.486133e-074
197.500000	0.190955	-5.532545	0.000000	5.770779e+016	4.475542e-074
197.600000	0.190893	-5.532607	0.000000	5.952630e+016	4.464973e-074
197.700000	0.190832	-5.532668	0.000000	6.140432e+016	4.454428e-074
197.800000	0.190770	-5.532730	0.000000	6.334380e+016	4.443905e-074
197.900000	0.190709	-5.532791	0.000000	6.534675e+016	4.433405e-074
198.000000	0.190647	-5.532853	0.000000	6.741525e+016	4.422927e-074
198.100000	0.190586	-5.532914	0.000000	6.955145e+016	4.412472e-074
198.200000	0.190524	-5.532976	0.000000	7.175756e+016	4.402039e-074
198.300000	0.190463	-5.533037	0.000000	7.403587e+016	4.391627e-074
198.400000	0.190401	-5.533099	0.000000	7.638875e+016	4.381238e-074
198.500000	0.190339	-5.533161	0.000000	7.881863e+016	4.370871e-074
198.600000	0.190278	-5.533222	0.000000	8.132803e+016	4.360526e-074
198.700000	0.190216	-5.533284	0.000000	8.391957e+016	4.350202e-074
198.800000	0.190154	-5.533346	0.000000	8.659592e+016	4.339899e-074
198.900000	0.190093	-5.533407	0.000000	8.935987e+016	4.329618e-074
199.000000	0.190031	-5.533469	0.000000	9.221427e+016	4.319358e-074
199.100000	0.189969	-5.533531	0.000000	9.516210e+016	4.309120e-074
199.200000	0.189908	-5.533592	0.000000	9.820639e+016	4.298902e-074
199.300000	0.189846	-5.533654	0.000000	1.013503e+017	4.288705e-074
199.400000	0.189784	-5.533716	0.000000	1.045971e+017	4.278528e-074
199.500000	0.189722	-5.533778	0.000000	1.079502e+017	4.268373e-074
199.600000	0.189661	-5.533839	0.000000	1.114130e+017	4.258237e-074
199.700000	0.189599	-5.533901	0.000000	1.149892e+017	4.248122e-074
199.800000	0.189537	-5.533963	0.000000	1.186824e+017	4.238027e-074
199.900000	0.189475	-5.534025	0.000000	1.224964e+017	4.227951e-074
200.000000	0.189413	-5.534087	0.000000	1.264352e+017	4.217896e-074
200.100000	0.189351	-5.534149	0.000000	1.305030e+017	4.207860e-074
200.200000	0.189289	-5.534211	0.000000	1.347038e+017	4.197843e-074
200.300000	0.189227	-5.534273	0.000000	1.390421e+017	4.187846e-074
200.400000	0.189165	-5.534335	0.000000	1.435224e+017	4.177868e-074
200.500000	0.189103	-5.534397	0.000000	1.481492e+017	4.167909e-074
200.600000	0.189041	-5.534459	0.000000	1.529275e+017	4.157968e-074
200.700000	0.188979	-5.534521	0.000000	1.578621e+017	4.148046e-074
200.800000	0.188917	-5.534583	0.000000	1.629581e+017	4.138143e-074
200.900000	0.188855	-5.534645	0.000000	1.682209e+017	4.128257e-074
201.000000	0.188792	-5.534708	0.000000	1.736558e+017	4.118390e-074
201.100000	0.188730	-5.534770	0.000000	1.792686e+017	4.108540e-074
201.200000	0.188668	-5.534832	0.000000	1.850649e+017	4.098708e-074
201.300000	0.188605	-5.534895	0.000000	1.910509e+017	4.088894e-074
201.400000	0.188543	-5.534957	0.000000	1.972327e+017	4.079096e-074
201.500000	0.188481	-5.535019	0.000000	2.036167e+017	4.069316e-074
201.600000	0.188418	-5.535082	0.000000	2.102096e+017	4.059552e-074
201.700000	0.188356	-5.535144	0.000000	2.170181e+017	4.049804e-074
201.800000	0.188293	-5.535207	0.000000	2.240493e+017	4.040073e-074
201.900000	0.188231	-5.535269	0.000000	2.313104e+017	4.030358e-074
202.000000	0.188168	-5.535332	0.000000	2.388090e+017	4.020659e-074
202.100000	0.188105	-5.535395	0.000000	2.465529e+017	4.010975e-074
202.200000	0.188042	-5.535458	0.000000	2.545500e+017	4.001307e-074
202.300000	0.187980	-5.535520	0.000000	2.628087e+017	3.991654e-074
202.400000	0.187917	-5.535583	0.000000	2.713374e+017	3.982015e-074
202.500000	0.187854	-5.535646	0.000000	2.801450e+017	3.972391e-074
202.600000	0.187791	-5.535709	0.000000	2.892405e+017	3.962782e-074
202.700000	0.187728	-5.535772	0.000000	2.986335e+017	3.953186e-074
202.800000	0.187665	-5.535835	0.000000	3.083336e+017	3.943604e-074
202.900000	0.187602	-5.535898	0.000000	3.183508e+017	3.934035e-074
203.000000	0.187538	-5.535962	0.000000	3.286955e+017	3.924479e-074
203.100000	0.187475	-5.536025	0.000000	3.393783e+017	3.914936e-074
203.200000	0.187412	-5.536088	0.000000	3.504104e+017	3.905406e-074
203.300000	0.187348	-5.536152	0.000000	3.618031e+017	3.895887e-074
203.400000	0.187285	-5.536215	0.000000	3.735682e+017	3.886381e-074
203.500000	0.187221	-5.536279	0.000000	3.857178e+017	3.876885e-074
203.600000	0.187157	-5.536343	0.000000	3.982645e+017	3.867401e-074
203.700000	0.187094	-5.536406	0.000000	4.112212e+017	3.857928e-074
203.800000	0.187030	-5.536470	0.000000	4.246014e+017	3.848465e-074
203.900000	0.186966	-5.536534	0.000000	4.384188e+017	3.839012e-074
204.000000	0.186902	-5.536598	0.000000	4.526878e+017	3.829568e-074
204.100000	0.186838	-5.536662	0.000000	4.674229e+017	3.820134e-074
204.200000	0.186774	-5.536726	0.000000	4.826395e+017	3.810708e-074
204.300000	0.186709	-5.536791	0.000000	4.983533e+017	3.801291e-074
204.400000	0.186645	-5.536855	0.000000	5.145804e+017	3.791881e-074
204.500000	0.186580	-5.536920	0.000000	5.313377e+017	3.782479e-074
204.600000	0.186516	-5.536984	0.000000	5.486423e+017	3.773085e-074
204.700000	0.186451	-5.537049	0.000000	5.665122e+017	3.763696e-074
204.800000	0.186386	-5.537114	0.000000	5.849658e+017	3.754314e-074
204.900000	0.186321	-5.537179	0.000000	6.040220e+017	3.744937e-074
205.000000	0.186256	-5.537244	0.000000	6.237006e+017	3.735566e-074
205.100000	0.186190	-5.537310	0.000000	6.440219e+017	3.726199e-074
205.200000	0.186125	-5.537375	0.000000	6.650068e+017	3.716836e-074
205.300000	0.186059	-5.537441	0.000000	6.866768e+017	3.707476e-074
205.400000	0.185994	-5.537506	0.000000	7.090545e+017	3.698120e-074
205.500000	0.185928	-5.537572	0.000000	7.321627e+017	3.688766e-074
205.600000	0.185862	-5.537638	0.000000	7.560253e+017	3.679413e-074
205.700000	0.185796	-5.537704	0.000000	7.806670e+017	3.670062e-074
205.800000	0.185729	-5.537771	0.000000	8.061130e+017	3.660711e-074
205.900000	0.185663	-5.537837	0.000000	8.323896e+017	3.651360e-074
206.000000	0.185596	-5.537904	0.000000	8.595239e+017	3.642009e-074
206.100000	0.185529	-5.537971	0.000000	8.875437e+017	3.632656e-074
206.200000	0.185462	-5.538038	0.000000	9.164779e+017	3.623300e-074
206.300000	0.185395	-5.538105	0.000000	9.463563e+017	3.613943e-074
206.400000	0.185328	-5.538172	0.000000	9.772096e+017	3.604581e-074
206.500000	0.185260	-5.538240	0.000000	1.009070e+018	3.595215e-074
206.600000	0.185192	-5.538308	0.000000	1.041969e+018	3.585844e-074
206.700000	0.185124	-5.538376	0.000000	1.075942e+018	3.576468e-074
206.800000	0.185056	-5.538444	0.000000	1.111023e+018	3.567084e-074
206.900000	0.184987	-5.538513	0.000000	1.147248e+018	3.557693e-074
207.000000	0.184918	-5.538582	0.000000	1.184655e+018	3.548294e-074
207.100000	0.184849	-5.538651	0.000000	1.223281e+018	3.538885e-074
207.200000	0.184780	-5.538720	0.000000	1.263168e+018	3.529467e-074
207.300000	0.184711	-5.538789	0.000000	1.304355e+018	3.520037e-074
207.400000	0.184641	-5.538859	0.000000	1.346885e+018	3.510595e-074
207.500000	0.184571	-5.538929	0.000000	1.390801e+018	3.501140e-074
207.600000	0.184500	-5.539000	0.000000	1.436149e+018	3.491672e-074
207.700000	0.184430	-5.539070	0.000000	1.482976e+018	3.482188e-074
207.800000	0.184358	-5.539142	0.000000	1.531329e+018	3.472688e-074
207.900000	0.184287	-5.539213	0.000000	1.581258e+018	3.463171e-074
208.000000	0.184215	-5.539285	0.000000	1.632814e+018	3.453636e-074
208.100000	0.184143	-5.539357	0.000000	1.686050e+018	3.444081e-074
208.200000	0.184071	-5.539429	0.000000	1.741021e+018	3.434505e-074
208.300000	0.183998	-5.539502	0.000000	1.797783e+018	3.424908e-074
208.400000	0.183925	-5.539575	0.000000	1.856394e+018	3.415288e-074
208.500000	0.183852	-5.539648	0.000000	1.916914e+018	3.405643e-074
208.600000	0.183778	-5.539722	0.000000	1.979406e+018	3.395973e-074
208.700000	0.183703	-5.539797	0.000000	2.043933e+018	3.386275e-074
208.800000	0.183629	-5.539871	0.000000	2.110562e+018	3.376549e-074
208.900000	0.183553	-5.539947	0.000000	2.179360e+018	3.366794e-074
209.000000	0.183478	-5.540022	0.000000	2.250398e+018	3.357007e-074
209.100000	0.183401	-5.540099	0.000000	2.323750e+018	3.347187e-074
209.200000	0.183325	-5.540175	0.000000	2.399489e+018	3.337333e-074
209.300000	0.183248	-5.540252	0.000000	2.477694e+018	3.327444e-074
209.400000	0.183170	-5.540330	0.000000	2.558444e+018	3.317516e-074
209.500000	0.183092	-5.540408	0.000000	2.641822e+018	3.307550e-074
209.600000	0.183013	-5.540487	0.000000	2.727913e+018	3.297543e-074
209.700000	0.182934	-5.540566	0.000000	2.816806e+018	3.287493e-074
209.800000	0.182854	-5.540646	0.000000	2.908590e+018	3.277398e-074
209.900000	0.182773	-5.540727	0.000000	3.003361e+018	3.267258e-074
210.000000	0.552352	-5.727648	0.000000	3.352664e+018	2.465585e-077
210.100000	0.549866	-5.730134	0.000000	3.473465e+018	2.240750e-077
210.200000	0.547379	-5.732621	0.000000	3.601079e+018	2.036359e-077
210.300000	0.544891	-5.735109	0.000000	3.735825e+018	1.850558e-077
210.400000	0.542403	-5.737597	0.000000	3.878039e+018	1.681658e-077
210.500000	0.539914	-5.740086	0.000000	4.028073e+018	1.528125e-077
210.600000	0.537424	-5.742576	0.000000	4.186298e+018	1.388563e-077
210.700000	0.534933	-5.745067	0.000000	4.353104e+018	1.261704e-077
210.800000	0.532441	-5.747559	0.000000	4.528901e+018	1.146395e-077
210.900000	0.529948	-5.750052	0.000000	4.714119e+018	1.041585e-077
211.000000	0.527454	-5.752546	0.000000	4.909209e+018	9.463205e-078
211.100000	0.524959	-5.755041	0.000000	5.114645e+018	8.597347e-078
211.200000	0.522463	-5.757537	0.000000	5.330925e+018	7.810386e-078
211.300000	0.519966	-5.760034	0.000000	5.558569e+018	7.095150e-078
211.400000	0.517468	-5.762532	0.000000	5.798125e+018	6.445118e-078
211.500000	0.514968	-5.765032	0.000000	6.050166e+018	5.854363e-078
211.600000	0.512468	-5.767532	0.000000	6.315291e+018	5.317492e-078
211.700000	0.509965	-5.770035	0.000000	6.594131e+018	4.829605e-078
211.800000	0.507462	-5.772538	0.000000	6.887345e+018	4.386246e-078
211.900000	0.504957	-5.775043	0.000000	7.195622e+018	3.983363e-078
212.000000	0.502450	-5.777550	0.000000	7.519685e+018	3.617272e-078
212.100000	0.499942	-5.780058	0.000000	7.860291e+018	3.284624e-078
212.200000	0.497432	-5.782568	0.000000	8.218232e+018	2.982376e-078
212.300000	0.494921	-5.785079	0.000000	8.594335e+018	2.707757e-078
212.400000	0.492407	-5.787593	0.000000	8.989468e+018	2.458253e-078
212.500000	0.489892	-5.790108	0.000000	9.404538e+018	2.231575e-078
212.600000	0.487375	-5.792625	0.000000	9.840492e+018	2.025644e-078
212.700000	0.484855	-5.795145	0.000000	1.029832e+019	1.838568e-078
212.800000	0.482334	-5.797666	0.000000	1.077907e+019	1.668628e-078
212.900000	0.479810	-5.800190	0.000000	1.128380e+019	1.514263e-078
213.000000	0.477283	-5.802717	0.000000	1.181367e+019	1.374051e-078
213.100000	0.474754	-5.805246	0.000000	1.236985e+019	1.246701e-078
213.200000	0.472223	-5.807777	0.000000	1.295358e+019	1.131040e-078
213.300000	0.469689	-5.810311	0.000000	1.356615e+019	1.026000e-078
213.400000	0.467152	-5.812848	0.000000	1.420891e+019	9.306123e-079
213.500000	0.464612	-5.815388	0.000000	1.488327e+019	8.439945e-079
213.600000	0.462068	-5.817932	0.000000	1.559069e+019	7.653456e-079
213.700000	0.459522	-5.820478	0.000000	1.633272e+019	6.939372e-079
213.800000	0.456972	-5.823028	0.000000	1.711096e+019	6.291072e-079
213.900000	0.454418	-5.825582	0.000000	1.792707e+019	5.702540e-079
214.000000	0.451860	-5.828140	0.000000	1.878281e+019	5.168307e-079
214.100000	0.449299	-5.830701	0.000000	1.968000e+019	4.683404e-079
214.200000	0.446733	-5.833267	0.000000	2.062053e+019	4.243311e-079
214.300000	0.444163	-5.835837	0.000000	2.160639e+019	3.843925e-079
214.400000	0.441588	-5.838412	0.000000	2.263964e+019	3.481514e-079
214.500000	0.439009	-5.840991	0.000000	2.372244e+019	3.152687e-079
214.600000	0.436424	-5.843576	0.000000	2.485703e+019	2.854364e-079
214.700000	0.433834	-5.846166	0.000000	2.604575e+019	2.583744e-079
214.800000	0.431239	-5.848761	0.000000	2.729104e+019	2.338283e-079
214.900000	0.428638	-5.851362	0.000000	2.859544e+019	2.115669e-079
215.000000	-0.390029	-5.441529	0.000000	2.471832e+019	1.483008e-072
215.100000	-0.387278	-5.438778	0.000000	2.565459e+019	1.648520e-072
215.200000	-0.384533	-5.436033	0.000000	2.659452e+019	1.832126e-072
215.300000	-0.381793	-5.433293	0.000000	2.753724e+019	2.035745e-072
215.400000	-0.379059	-5.430559	0.000000	2.848191e+019	2.261492e-072
215.500000	-0.376330	-5.427830	0.000000	2.942768e+019	2.511697e-072
215.600000	-0.373608	-5.425108	0.000000	3.037374e+019	2.788924e-072
215.700000	-0.370892	-5.422392	0.000000	3.131927e+019	3.095992e-072
215.800000	-0.368183	-5.419683	0.000000	3.226346e+019	3.436002e-072
215.900000	-0.365481	-5.416981	0.000000	3.320553e+019	3.812363e-072
216.000000	-0.362785	-5.414285	0.000000	3.414472e+019	4.228819e-072
216.100000	-0.360097	-5.411597	0.000000	3.508025e+019	4.689478e-072
216.200000	-0.357416	-5.408916	0.000000	3.601141e+019	5.198849e-072
216.300000	-0.354742	-5.406242	0.000000	3.693745e+019	5.761878e-072
216.400000	-0.352077	-5.403577	0.000000	3.785769e+019	6.383984e-072
216.500000	-0.349419	-5.400919	0.000000	3.877143e+019	7.071104e-072
216.600000	-0.346769	-5.398269	0.000000	3.967799e+019	7.829735e-072
216.700000	-0.344128	-5.395628	0.000000	4.057675e+019	8.666987e-072
216.800000	-0.341495	-5.392995	0.000000	4.146705e+019	9.590637e-072
216.900000	-0.338871	-5.390371	0.000000	4.234829e+019	1.060918e-071
217.000000	-0.336255	-5.387755	0.000000	4.321988e+019	1.173189e-071
217.100000	-0.333649	-5.385149	0.000000	4.408124e+019	1.296890e-071
217.200000	-0.331052	-5.382552	0.000000	4.493183e+019	1.433126e-071
217.300000	-0.328464	-5.379964	0.000000	4.577111e+019	1.583100e-071
217.400000	-0.325886	-5.377386	0.000000	4.659856e+019	1.748124e-071
217.500000	-0.323318	-5.374818	0.000000	4.741371e+019	1.929627e-071
217.600000	-0.320759	-5.372259	0.000000	4.821607e+019	2.129162e-071
217.700000	-0.318211	-5.369711	0.000000	4.900520e+019	2.348418e-071
217.800000	-0.315673	-5.367173	0.000000	4.978067e+019	2.589231e-071
217.900000	-0.313145	-5.364645	0.000000	5.054208e+019	2.853594e-071
218.000000	-0.310628	-5.362128	0.000000	5.128902e+019	3.143670e-071
218.100000	-0.308122	-5.359622	0.000000	5.202114e+019	3.461804e-071
218.200000	-0.305626	-5.357126	0.000000	5.273809e+019	3.810535e-071
218.300000	-0.303142	-5.354642	0.000000	5.343954e+019	4.192617e-071
218.400000	-0.300668	-5.352168	0.000000	5.412518e+019	4.611026e-071
218.500000	-0.298206	-5.349706	0.000000	5.479473e+019	5.068983e-071
218.600000	-0.295756	-5.347256	0.000000	5.544793e+019	5.569965e-071
218.700000	-0.293317	-5.344817	0.000000	5.608452e+019	6.117729e-071
218.800000	-0.290890	-5.342390	0.000000	5.670428e+019	6.716330e-071
218.900000	-0.288475	-5.339975	0.000000	5.730700e+019	7.370136e-071
219.000000	-0.286071	-5.337571	0.000000	5.789248e+019	8.083858e-071
219.100000	-0.283680	-5.335180	0.000000	5.846057e+019	8.862567e-071
219.200000	-0.281301	-5.332801	0.000000	5.901110e+019	9.711716e-071
219.300000	-0.278935	-5.330435	0.000000	5.954394e+019	1.063717e-070
219.400000	-0.276581	-5.328081	0.000000	6.005896e+019	1.164523e-070
219.500000	-0.274239	-5.325739	0.000000	6.055609e+019	1.274266e-070
219.600000	-0.271910	-5.323410	0.000000	6.103522e+019	1.393672e-070
219.700000	-0.269594	-5.321094	0.000000	6.149629e+019	1.523518e-070
219.800000	-0.267291	-5.318791	0.000000	6.193925e+019	1.664637e-070
219.900000	-0.265001	-5.316501	0.000000	6.236407e+019	1.817921e-070
220.000000	-0.262724	-5.314224	0.000000	6.277072e+019	1.984324e-070
220.100000	-0.260460	-5.311960	0.000000	6.315921e+019	2.164864e-070
220.200000	-0.258209	-5.309709	0.000000	6.352954e+019	2.360630e-070
220.300000	-0.255971	-5.307471	0.000000	6.388173e+019	2.572783e-070
220.400000	-0.253747	-5.305247	0.000000	6.421583e+019	2.802561e-070
220.500000	-0.251536	-5.303036	0.000000	6.453188e+019	3.051283e-070
220.600000	-0.249339	-5.300839	0.000000	6.482995e+019	3.320353e-070
220.700000	-0.247155	-5.298655	0.000000	6.511012e+019	3.611266e-070
220.800000	-0.244985	-5.296485	0.000000	6.537248e+019	3.925610e-070
220.900000	-0.242829	-5.294329	0.000000	6.561712e+019	4.265070e-070
221.000000	-0.240686	-5.292186	0.000000	6.584416e+019	4.631439e-070
221.100000	-0.238557	-5.290057	0.000000	6.605372e+019	5.026613e-070
221.200000	-0.236442	-5.287942	0.000000	6.624593e+019	5.452606e-070
221.300000	-0.234341	-5.285841	0.000000	6.642094e+019	5.911547e-070
221.400000	-0.232254	-5.283754	0.000000	6.657890e+019	6.405692e-070
221.500000	-0.230181	-5.281681	0.000000	6.671997e+019	6.937424e-070
221.600000	-0.228121	-5.279621	0.000000	6.684432e+019	7.509260e-070
221.700000	-0.226076	-5.277576	0.000000	6.695213e+019	8.123860e-070
221.800000	-0.224045	-5.275545	0.000000	6.704358e+019	8.784027e-070
221.900000	-0.222027	-5.273527	0.000000	6.711888e+019	9.492717e-070
222.000000	-0.220024	-5.271524	0.000000	6.717822e+019	1.025304e-069
222.100000	-0.218035	-5.269535	0.000000	6.722180e+019	1.106828e-069
222.200000	-0.216059	-5.267559	0.000000	6.724985e+019	1.194188e-069
222.300000	-0.214098	-5.265598	0.000000	6.726259e+019	1.287745e-069
222.400000	-0.212151	-5.263651	0.000000	6.726023e+019	1.387881e-069
222.500000	-0.210218	-5.261718	0.000000	6.724302e+019	1.494994e-069
222.600000	-0.208300	-5.259800	0.000000	6.721118e+019	1.609502e-069
222.700000	-0.206395	-5.257895	0.000000	6.716496e+019	1.731843e-069
222.800000	-0.204504	-5.256004	0.000000	6.710460e+019	1.862477e-069
222.900000	-0.202627	-5.254127	0.000000	6.703036e+019	2.001883e-069
223.000000	-0.200765	-5.252265	0.000000	6.694247e+019	2.150563e-069
223.100000	-0.198916	-5.250416	0.000000	6.684120e+019	2.309041e-069
223.200000	-0.197081	-5.248581	0.000000	6.672681e+019	2.477864e-069
223.300000	-0.195261	-5.246761	0.000000	6.659956e+019	2.657603e-069
223.400000	-0.193454	-5.244954	0.000000	6.645971e+019	2.848852e-069
223.500000	-0.191661	-5.243161	0.000000	6.630752e+019	3.052230e-069
223.600000	-0.189882	-5.241382	0.000000	6.614326e+019	3.268383e-069
223.700000	-0.188117	-5.239617	0.000000	6.596720e+019	3.497981e-069
223.800000	-0.186365	-5.237865	0.000000	6.577961e+019	3.741721e-069
223.900000	-0.184628	-5.236128	0.000000	6.558075e+019	4.000325e-069
224.000000	-0.182904	-5.234404	0.000000	6.537091e+019	4.274546e-069
224.100000	-0.181194	-5.232694	0.000000	6.515034e+019	4.565162e-069
224.200000	-0.179497	-5.230997	0.000000	6.491933e+019	4.872981e-069
224.300000	-0.177814	-5.229314	0.000000	6.467814e+019	5.198838e-069
224.400000	-0.176145	-5.227645	0.000000	6.442704e+019	5.543598e-069
224.500000	-0.174489	-5.225989	0.000000	6.416630e+019	5.908157e-069
224.600000	-0.172846	-5.224346	0.000000	6.389620e+019	6.293438e-069
224.700000	-0.171217	-5.222717	0.000000	6.361700e+019	6.700398e-069
224.800000	-0.169601	-5.221101	0.000000	6.332897e+019	7.130022e-069
224.900000	-0.167999	-5.219499	0.000000	6.303238e+019	7.583326e-069
225.000000	-0.166409	-5.217909	0.000000	6.272748e+019	8.061360e-069
225.100000	-0.164833	-5.216333	0.000000	6.241456e+019	8.565201e-069
225.200000	-0.163270	-5.214770	0.000000	6.209386e+019	9.095963e-069
225.300000	-0.161720	-5.213220	0.000000	6.176564e+019	9.654789e-069
225.400000	-0.160183	-5.211683	0.000000	6.143018e+019	1.024285e-068
225.500000	-0.158658	-5.210158	0.000000	6.108771e+019	1.086136e-068
225.600000	-0.157146	-5.208646	0.000000	6.073849e+019	1.151156e-068
225.700000	-0.155648	-5.207148	0.000000	6.038278e+019	1.219472e-068
225.800000	-0.154161	-5.205661	0.000000	6.002083e+019	1.291215e-068
225.900000	-0.152687	-5.204187	0.000000	5.965287e+019	1.366518e-068
226.000000	-0.151226	-5.202726	0.000000	5.927916e+019	1.445518e-068
226.100000	-0.149777	-5.201277	0.000000	5.889993e+019	1.528356e-068
226.200000	-0.148341	-5.199841	0.000000	5.851542e+019	1.615175e-068
226.300000	-0.146917	-5.198417	0.000000	5.812586e+019	1.706122e-068
226.400000	-0.145504	-5.197004	0.000000	5.773149e+019	1.801348e-068
226.500000	-0.144104	-5.195604	0.000000	5.733253e+019	1.901005e-068
226.600000	-0.142716	-5.194216	0.000000	5.692921e+019	2.005250e-068
226.700000	-0.141340	-5.192840	0.000000	5.652176e+019	2.114242e-068
226.800000	-0.139976	-5.191476	0.000000	5.611038e+019	2.228145e-068
226.900000	-0.138623	-5.190123	0.000000	5.569530e+019	2.347123e-068
227.000000	-0.137283	-5.188783	0.000000	5.527672e+019	2.471347e-068
227.100000	-0.135953	-5.187453	0.000000	5.485485e+019	2.600988e-068
227.200000	-0.134635	-5.186135	0.000000	5.442991e+019	2.736222e-068
227.300000	-0.133329	-5.184829	0.000000	5.400208e+019	2.877226e-068
227.400000	-0.132034	-5.183534	0.000000	5.357157e+019	3.024181e-068
227.500000	-0.130750	-5.182250	0.000000	5.313856e+019	3.177272e-068
227.600000	-0.129477	-5.180977	0.000000	5.270326e+019	3.336686e-068
227.700000	-0.128215	-5.179715	0.000000	5.226585e+019	3.502611e-068
227.800000	-0.126964	-5.178464	0.000000	5.182650e+019	3.675242e-068
227.900000	-0.125724	-5.177224	0.000000	5.138541e+019	3.854772e-068
228.000000	-0.124495	-5.175995	0.000000	5.094274e+019	4.041401e-068
228.100000	-0.123276	-5.174776	0.000000	5.049866e+019	4.235328e-068
228.200000	-0.122068	-5.173568	0.000000	5.005335e+019	4.436758e-068
228.300000	-0.120871	-5.172371	0.000000	4.960697e+019	4.645895e-068
228.400000	-0.119684	-5.171184	0.000000	4.915968e+019	4.862948e-068
228.500000	-0.118507	-5.170007	0.000000	4.871164e+019	5.088128e-068
228.600000	-0.117340	-5.168840	0.000000	4.826300e+019	5.321649e-068
228.700000	-0.116183	-5.167683	0.000000	4.781391e+019	5.563725e-068
228.800000	-0.115037	-5.166537	0.000000	4.736451e+019	5.814576e-068
228.900000	-0.113900	-5.165400	0.000000	4.691496e+019	6.074420e-068
229.000000	-0.112773	-5.164273	0.000000	4.646539e+019	6.343480e-068
229.100000	-0.111656	-5.163156	0.000000	4.601593e+019	6.621982e-068
229.200000	-0.110549	-5.162049	0.000000	4.556672e+019	6.910151e-068
229.300000	-0.109451	-5.160951	0.000000	4.511789e+019	7.208216e-068
229.400000	-0.108362	-5.159862	0.000000	4.466956e+019	7.516408e-068
229.500000	-0.107283	-5.158783	0.000000	4.422185e+019	7.834959e-068
229.600000	-0.106213	-5.157713	0.000000	4.377488e+019	8.164105e-068
229.700000	-0.105152	-5.156652	0.000000	4.332877e+019	8.504082e-068
229.800000	-0.104100	-5.155600	0.000000	4.288362e+019	8.855127e-068
229.900000	-0.103058	-5.154558	0.000000	4.243956e+019	9.217482e-068
230.000000	-0.102024	-5.153524	0.000000	4.199668e+019	9.591388e-068
230.100000	-0.100999	-5.152499	0.000000	4.155507e+019	9.977088e-068
230.200000	-0.099982	-5.151482	0.000000	4.111486e+019	1.037483e-067
230.300000	-0.098975	-5.150475	0.000000	4.067612e+019	1.078485e-067
230.400000	-0.097975	-5.149475	0.000000	4.023895e+019	1.120742e-067
230.500000	-0.096985	-5.148485	0.000000	3.980344e+019	1.164276e-067
230.600000	-0.096002	-5.147502	0.000000	3.936968e+019	1.209115e-067
230.700000	-0.095028	-5.146528	0.000000	3.893775e+019	1.255282e-067
230.800000	-0.094062	-5.145562	0.000000	3.850773e+019	1.302804e-067
230.900000	-0.093104	-5.144604	0.000000	3.807969e+019	1.351706e-067
231.000000	-0.092154	-5.143654	0.000000	3.765372e+019	1.402013e-067
231.100000	-0.091211	-5.142711	0.000000	3.722989e+019	1.453753e-067
231.200000	-0.090277	-5.141777	0.000000	3.680826e+019	1.506950e-067
231.300000	-0.089350	-5.140850	0.000000	3.638889e+019	1.561631e-067
231.400000	-0.088431	-5.139931	0.000000	3.597187e+019	1.617822e-067
231.500000	-0.087520	-5.139020	0.000000	3.555724e+019	1.675550e-067
231.600000	-0.086615	-5.138115	0.000000	3.514506e+019	1.734842e-067
231.700000	-0.085719	-5.137219	0.000000	3.473540e+019	1.795723e-067
231.800000	-0.084829	-5.136329	0.000000	3.432830e+019	1.858222e-067
231.900000	-0.083947	-5.135447	0.000000	3.392381e+019	1.922365e-067
232.000000	-0.083072	-5.134572	0.000000	3.352199e+019	1.988178e-067
232.100000	-0.082203	-5.133703	0.000000	3.312289e+019	2.055690e-067
232.200000	-0.081342	-5.132842	0.000000	3.272653e+019	2.124929e-067
232.300000	-0.080488	-5.131988	0.000000	3.233298e+019	2.195920e-067
232.400000	-0.079640	-5.131140	0.000000	3.194226e+019	2.268693e-067
232.500000	-0.078799	-5.130299	0.000000	3.155442e+019	2.343275e-067
232.600000	-0.077965	-5.129465	0.000000	3.116949e+019	2.419695e-067
232.700000	-0.077137	-5.128637	0.000000	3.078750e+019	2.497980e-067
232.800000	-0.076315	-5.127815	0.000000	3.040849e+019	2.578159e-067
232.900000	-0.075500	-5.127000	0.000000	3.003248e+019	2.660260e-067
233.000000	-0.074691	-5.126191	0.000000	2.965951e+019	2.744312e-067
233.100000	-0.073889	-5.125389	0.000000	2.928960e+019	2.830344e-067
233.200000	-0.073092	-5.124592	0.000000	2.892277e+019	2.918386e-067
233.300000	-0.072302	-5.123802	0.000000	2.855904e+019	3.008465e-067
233.400000	-0.071518	-5.123018	0.000000	2.819844e+019	3.100612e-067
233.500000	-0.070739	-5.122239	0.000000	2.784099e+019	3.194857e-067
233.600000	-0.069966	-5.121466	0.000000	2.748669e+019	3.291228e-067
233.700000	-0.069199	-5.120699	0.000000	2.713558e+019	3.389756e-067
233.800000	-0.068438	-5.119938	0.000000	2.678765e+019	3.490472e-067
233.900000	-0.067683	-5.119183	0.000000	2.644293e+019	3.593405e-067
234.000000	-0.066932	-5.118432	0.000000	2.610142e+019	3.698587e-067
234.100000	-0.066188	-5.117688	0.000000	2.576314e+019	3.806047e-067
234.200000	-0.065449	-5.116949	0.000000	2.542808e+019	3.915818e-067
234.300000	-0.064715	-5.116215	0.000000	2.509627e+019	4.027930e-067
234.400000	-0.063986	-5.115486	0.000000	2.476770e+019	4.142416e-067
234.500000	-0.063262	-5.114762	0.000000	2.444237e+019	4.259306e-067
234.600000	-0.062544	-5.114044	0.000000	2.412030e+019	4.378633e-067
234.700000	-0.061831	-5.113331	0.000000	2.380148e+019	4.500430e-067
234.800000	-0.061122	-5.112622	0.000000	2.348591e+019	4.624728e-067
234.900000	-0.060419	-5.111919	0.000000	2.317359e+019	4.751561e-067
235.000000	-0.059720	-5.111220	0.000000	2.286452e+019	4.880962e-067
235.100000	-0.059026	-5.110526	0.000000	2.255869e+019	5.012965e-067
235.200000	-0.058337	-5.109837	0.000000	2.225611e+019	5.147603e-067
235.300000	-0.057653	-5.109153	0.000000	2.195677e+019	5.284910e-067
235.400000	-0.056973	-5.108473	0.000000	2.166065e+019	5.424921e-067
235.500000	-0.056298	-5.107798	0.000000	2.136776e+019	5.567670e-067
235.600000	-0.055627	-5.107127	0.000000	2.107809e+019	5.713193e-067
235.700000	-0.054961	-5.106461	0.000000	2.079162e+019	5.861525e-067
235.800000	-0.054298	-5.105798	0.000000	2.050835e+019	6.012702e-067
235.900000	-0.053641	-5.105141	0.000000	2.022827e+019	6.166761e-067
236.000000	-0.052987	-5.104487	0.000000	1.995136e+019	6.323737e-067
236.100000	-0.052338	-5.103838	0.000000	1.967762e+019	6.483667e-067
236.200000	-0.051692	-5.103192	0.000000	1.940702e+019	6.646590e-067
236.300000	-0.051051	-5.102551	0.000000	1.913957e+019	6.812542e-067
236.400000	-0.050414	-5.101914	0.000000	1.887523e+019	6.981562e-067
236.500000	-0.049781	-5.101281	0.000000	1.861401e+019	7.153689e-067
236.600000	-0.049152	-5.100652	0.000000	1.835588e+019	7.328962e-067
236.700000	-0.048526	-5.100026	0.000000	1.810082e+019	7.507420e-067
236.800000	-0.047904	-5.099404	0.000000	1.784882e+019	7.689103e-067
236.900000	-0.047286	-5.098786	0.000000	1.759987e+019	7.874051e-067
237.000000	-0.046672	-5.098172	0.000000	1.735394e+019	8.062306e-067
237.100000	-0.046061	-5.097561	0.000000	1.711102e+019	8.253909e-067
237.200000	-0.045454	-5.096954	0.000000	1.687108e+019	8.448902e-067
237.300000	-0.044851	-5.096351	0.000000	1.663412e+019	8.647327e-067
237.400000	-0.044251	-5.095751	0.000000	1.640010e+019	8.849228e-067
237.500000	-0.043654	-5.095154	0.000000	1.616901e+019	9.054647e-067
237.600000	-0.043061	-5.094561	0.000000	1.594083e+019	9.263629e-067
237.700000	-0.042471	-5.093971	0.000000	1.571554e+019	9.476219e-067
237.800000	-0.041884	-5.093384	0.000000	1.549312e+019	9.692461e-067
237.900000	-0.041301	-5.092801	0.000000	1.527354e+019	9.912402e-067
238.000000	-0.040721	-5.092221	0.000000	1.505678e+019	1.013609e-066
238.100000	-0.040143	-5.091643	0.000000	1.484282e+019	1.036356e-066
238.200000	-0.039570	-5.091070	0.000000	1.463164e+019	1.059488e-066
238.300000	-0.038999	-5.090499	0.000000	1.442322e+019	1.083009e-066
238.400000	-0.038431	-5.089931	0.000000	1.421753e+019	1.106923e-066
238.500000	-0.037866	-5.089366	0.000000	1.401455e+019	1.131235e-066
238.600000	-0.037304	-5.088804	0.000000	1.381425e+019	1.155952e-066
238.700000	-0.036745	-5.088245	0.000000	1.361662e+019	1.181077e-066
238.800000	-0.036189	-5.087689	0.000000	1.342163e+019	1.206615e-066
238.900000	-0.035635	-5.087135	0.000000	1.322925e+019	1.232573e-066
239.000000	-0.035085	-5.086585	0.000000	1.303946e+019	1.258956e-066
239.100000	-0.034537	-5.086037	0.000000	1.285224e+019	1.285768e-066
239.200000	-0.033991	-5.085491	0.000000	1.266756e+019	1.313015e-066
239.300000	-0.033449	-5.084949	0.000000	1.248540e+019	1.340703e-066
239.400000	-0.032909	-5.084409	0.000000	1.230574e+019	1.368837e-066
239.500000	-0.032372	-5.083872	0.000000	1.212854e+019	1.397424e-066
239.600000	-0.031837	-5.083337	0.000000	1.195378e+019	1.426468e-066
239.700000	-0.031304	-5.082804	0.000000	1.178144e+019	1.455975e-066
239.800000	-0.030775	-5.082275	0.000000	1.161150e+019	1.485952e-066
239.900000	-0.030247	-5.081747	0.000000	1.144393e+019	1.516405e-066
240.000000	-0.029722	-5.081222	0.000000	1.127870e+019	1.547339e-066
240.100000	-0.029199	-5.080699	0.000000	1.111579e+019	1.578761e-066
240.200000	-0.028679	-5.080179	0.000000	1.095518e+019	1.610676e-066
240.300000	-0.028161	-5.079661	0.000000	1.079683e+019	1.643093e-066
240.400000	-0.027645	-5.079145	0.000000	1.064073e+019	1.676015e-066
240.500000	-0.027131	-5.078631	0.000000	1.048685e+019	1.709452e-066
240.600000	-0.026620	-5.078120	0.000000	1.033517e+019	1.743408e-066
240.700000	-0.026111	-5.077611	0.000000	1.018565e+019	1.777890e-066
240.800000	-0.025604	-5.077104	0.000000	1.003828e+019	1.812906e-066
240.900000	-0.025099	-5.076599	0.000000	9.893033e+018	1.848463e-066
241.000000	-0.024596	-5.076096	0.000000	9.749880e+018	1.884566e-066
241.100000	-0.024095	-5.075595	0.000000	9.608799e+018	1.921224e-066
241.200000	-0.023596	-5.075096	0.000000	9.469765e+018	1.958444e-066
241.300000	-0.023099	-5.074599	0.000000	9.332754e+018	1.996233e-066
241.400000	-0.022604	-5.074104	0.000000	9.197741e+018	2.034597e-066
241.500000	-0.022111	-5.073611	0.000000	9.064701e+018	2.073546e-066
241.600000	-0.021620	-5.073120	0.000000	8.933612e+018	2.113086e-066
241.700000	-0.021131	-5.072631	0.000000	8.804449e+018	2.153225e-066
241.800000	-0.020643	-5.072143	0.000000	8.677188e+018	2.193972e-066
241.900000	-0.020158	-5.071658	0.000000	8.551805e+018	2.235333e-066
242.000000	-0.019674	-5.071174	0.000000	8.428277e+018	2.277317e-066
242.100000	-0.019192	-5.070692	0.000000	8.306580e+018	2.319933e-066
242.200000	-0.018712	-5.070212	0.000000	8.186690e+018	2.363187e-066
242.300000	-0.018233	-5.069733	0.000000	8.068586e+018	2.407090e-066
242.400000	-0.017756	-5.069256	0.000000	7.952242e+018	2.451649e-066
242.500000	-0.017281	-5.068781	0.000000	7.837637e+018	2.496874e-066
242.600000	-0.016807	-5.068307	0.000000	7.724748e+018	2.542772e-066
242.700000	-0.016335	-5.067835	0.000000	7.613552e+018	2.589352e-066
242.800000	-0.015865	-5.067365	0.000000	7.504026e+018	2.636625e-066
242.900000	-0.015396	-5.066896	0.000000	7.396148e+018	2.684598e-066
243.000000	-0.014929	-5.066429	0.000000	7.289897e+018	2.733282e-066
243.100000	-0.014463	-5.065963	0.000000	7.185250e+018	2.782685e-066
243.200000	-0.013999	-5.065499	0.000000	7.082185e+018	2.832817e-066
243.300000	-0.013536	-5.065036	0.000000	6.980681e+018	2.883688e-066
243.400000	-0.013075	-5.064575	0.000000	6.880716e+018	2.935308e-066
243.500000	-0.012615	-5.064115	0.000000	6.782269e+018	2.987686e-066
243.600000	-0.012157	-5.063657	0.000000	6.685319e+018	3.040833e-066
243.700000	-0.011700	-5.063200	0.000000	6.589845e+018	3.094758e-066
243.800000	-0.011244	-5.062744	0.000000	6.495827e+018	3.149474e-066
243.900000	-0.010790	-5.062290	0.000000	6.403243e+018	3.204988e-066
244.000000	-0.010337	-5.061837	0.000000	6.312073e+018	3.261314e-066
244.100000	-0.009885	-5.061385	0.000000	6.222298e+018	3.318460e-066
244.200000	-0.009435	-5.060935	0.000000	6.133897e+018	3.376439e-066
244.300000	-0.008986	-5.060486	0.000000	6.046851e+018	3.435261e-066
244.400000	-0.008538	-5.060038	0.000000	5.961140e+018	3.494938e-066
244.500000	-0.008091	-5.059591	0.000000	5.876744e+018	3.555481e-066
244.600000	-0.007646	-5.059146	0.000000	5.793645e+018	3.616902e-066
244.700000	-0.007202	-5.058702	0.000000	5.711823e+018	3.679212e-066
244.800000	-0.006759	-5.058259	0.000000	5.631261e+018	3.742424e-066
244.900000	-0.006317	-5.057817	0.000000	5.551938e+018	3.806549e-066
245.000000	-0.005877	-5.057377	0.000000	5.473837e+018	3.871600e-066
250.000000	0.014691	-5.036809	0.000000	2.792917e+018	8.539808e-066
255.000000	0.033798	-5.017702	0.000000	1.513541e+018	1.780740e-065
260.000000	0.052113	-4.999387	0.000000	8.505727e+017	3.601861e-065
265.000000	0.069983	-4.981517	0.000000	4.801958e+017	7.161780e-065
270.000000	0.087602	-4.963898	0.000000	2.670763e+017	1.410324e-064
275.000000	0.105081	-4.946419	0.000000	1.454548e+017	2.762378e-064
280.000000	0.122484	-4.929016	0.000000	7.770791e+016	5.394810e-064
285.000000	0.139846	-4.911654	0.000000	4.091446e+016	1.051938e-063
290.000000	0.157187	-4.894313	0.000000	2.133223e+016	2.049495e-063
295.000000	0.174517	-4.876983	0.000000	1.105505e+016	3.991324e-063
300.000000	0.191841	-4.859659	0.000000	5.708615e+015	7.771244e-063
305.000000	0.209162	-4.842338	0.000000	2.941702e+015	1.512914e-062
310.000000	0.226481	-4.825019	0.000000	1.514037e+015	2.945182e-062
315.000000	0.243800	-4.807700	0.000000	7.786730e+014	5.733197e-062
320.000000	0.261118	-4.790382	0.000000	4.002924e+014	1.116027e-061
325.000000	0.278436	-4.773064	0.000000	2.057211e+014	2.172447e-061
330.000000	0.295754	-4.755746	0.000000	1.057078e+014	4.228846e-061
335.000000	0.313072	-4.738428	0.000000	5.431154e+013	8.231777e-061
340.000000	0.330390	-4.721110	0.000000	2.790307e+013	1.602378e-060
345.000000	0.347708	-4.703792	0.000000	1.433500e+013	3.119147e-060
350.000000	0.365026	-4.686474	0.000000	7.364375e+012	6.071650e-060
355.000000	0.382344	-4.669156	0.000000	3.783291e+012	1.181891e-059
360.000000	0.399661	-4.651839	0.000000	1.943576e+012	2.300638e-059
365.000000	0.416979	-4.634521	0.000000	9.984633e+011	4.478361e-059
370.000000	0.434297	-4.617203	0.000000	5.129347e+011	8.717457e-059
375.000000	0.451615	-4.599885	0.000000	2.635067e+011	1.696917e-058
380.000000	0.468933	-4.582567	0.000000	1.353696e+011	3.303173e-058
385.000000	0.486251	-4.565249	0.000000	6.954254e+010	6.429867e-058
390.000000	0.503568	-4.547932	0.000000	3.572563e+010	1.251621e-057
395.000000	0.520886	-4.530614	0.000000	1.835309e+010	2.436371e-057
400.000000	0.538204	-4.513296	0.000000	9.428411e+009	4.742575e-057
405.000000	0.555522	-4.495978	0.000000	4.843595e+009	9.231770e-057
410.000000	0.572840	-4.478660	0.000000	2.488268e+009	1.797032e-056
415.000000	0.590158	-4.461342	0.000000	1.278281e+009	3.498053e-056
420.000000	0.607475	-4.444025	0.000000	6.566827e+008	6.809217e-056
425.000000	0.624793	-4.426707	0.000000	3.373531e+008	1.325464e-055
430.000000	0.642111	-4.409389	0.000000	1.733061e+008	2.580113e-055
435.000000	0.659429	-4.392071	0.000000	8.903157e+007	5.022378e-055
440.000000	0.676747	-4.374753	0.000000	4.573816e+007	9.776426e-055
445.000000	0.694065	-4.357435	0.000000	2.349741e+007	1.903053e-054
450.000000	0.711382	-4.340118	0.000000	1.207144e+007	3.704432e-054
455.000000	0.728700	-4.322800	0.000000	6.201287e+006	7.210948e-054
460.000000	0.746018	-4.305482	0.000000	3.185645e+006	1.403664e-053
465.000000	0.763336	-4.288164	0.000000	1.636644e+006	2.732334e-053
470.000000	0.780654	-4.270846	0.000000	8.409655e+005	5.318688e-053
475.000000	0.797972	-4.253528	0.000000	4.320953e+005	1.035322e-052
480.000000	0.815289	-4.236211	0.000000	2.219046e+005	2.015329e-052
485.000000	0.832607	-4.218893	0.000000	1.138714e+005	3.922986e-052
490.000000	0.849925	-4.201575	0.000000	5.839435e+004	7.636379e-052
495.000000	0.867243	-4.184257	0.000000	2.992067e+004	1.486477e-051
500.000000	0.884561	-4.166939	0.000000	1.528845e+004	2.893537e-051
505.000000	0.901879	-4.149621	0.000000	7.749966e+003	5.632481e-051
510.000000	0.919196	-4.132304	0.000000	3.864962e+003	1.096404e-050
515.000000	0.936514	-4.114986	0.000000	1.877354e+003	2.134230e-050
520.000000	0.953832	-4.097668	0.000000	8.796416e+002	4.154434e-050
525.000000	0.971150	-4.080350	0.000000	3.944572e+002	8.086911e-050
530.000000	0.988468	-4.063032	0.000000	1.683441e+002	1.574176e-049
535.000000	1.005786	-4.045714	0.000000	6.813919e+001	3.064250e-049
540.000000	1.023103	-4.028397	0.000000	2.611154e+001	5.964786e-049
545.000000	1.040421	-4.011079	0.000000	9.468287e+000	1.161089e-048
550.000000	1.057739	-3.993761	0.000000	3.249673e+000	2.260145e-048
555.000000	1.075057	-3.976443	0.000000	1.056552e+000	4.399538e-048
560.000000	1.092375	-3.959125	0.000000	3.257743e-001	8.564023e-048
565.000000	1.109693	-3.941807	0.000000	9.538587e-002	1.667050e-047
570.000000	1.127010	-3.924490	0.000000	2.655797e-002	3.245034e-047
575.000000	1.144328	-3.907172	0.000000	7.041443e-003	6.316697e-047
580.000000	1.161646	-3.889854	0.000000	1.780288e-003	1.229591e-046
585.000000	1.178964	-3.872536	0.000000	4.298044e-004	2.393489e-046
590.000000	1.196282	-3.855218	0.000000	9.921375e-005	4.659102e-046
595.000000	1.213599	-3.837901	0.000000	2.192491e-005	9.069283e-046
600.000000	1.230917	-3.820583	0.000000	4.643951e-006	1.765402e-045
605.000000	1.248235	-3.803265	0.000000	9.438757e-007	3.436485e-045
610.000000	1.265553	-3.785947	0.000000	1.842842e-007	6.689369e-045
615.000000	1.282871	-3.768629	0.000000	3.459812e-008	1.302135e-044
620.000000	1.300189	-3.751311	0.000000	6.252159e-009	2.534701e-044
625.000000	1.317506	-3.733994	0.000000	1.088483e-009	4.933980e-044
630.000000	1.334824	-3.716676	0.000000	1.827290e-010	9.604353e-044
635.000000	1.352142	-3.699358	0.000000	2.960395e-011	1.869558e-043
640.000000	1.369460	-3.682040	0.000000	4.632255e-012	3.639231e-043
645.000000	1.386778	-3.664722	0.000000	7.005894e-013	7.084029e-043
650.000000	1.404096	-3.647404	0.000000	1.024885e-013	1.378958e-042
655.000000	1.421413	-3.630087	0.000000	1.451195e-014	2.684243e-042
660.000000	1.438731	-3.612769	0.000000	1.990213e-015	5.225075e-042
665.000000	1.456049	-3.595451	0.000000	2.645264e-016	1.017099e-041
670.000000	1.473367	-3.578133	0.000000	3.409530e-017	1.979858e-041
675.000000	1.490685	-3.560815	0.000000	4.264081e-018	3.853938e-041
680.000000	1.508003	-3.543497	0.000000	5.177273e-019	7.501973e-041
685.000000	1.525320	-3.526180	0.000000	6.105918e-020	1.460314e-040
690.000000	1.542638	-3.508862	0.000000	6.998352e-021	2.842608e-040
695.000000	1.559956	-3.491544	0.000000	7.799155e-022	5.533344e-040
700.000000	1.577274	-3.474226	0.000000	8.454935e-023	1.077106e-039
705.000000	1.594592	-3.456908	0.000000	8.920321e-024	2.096666e-039
710.000000	1.611910	-3.439590	0.000000	9.163208e-025	4.081313e-039
715.000000	1.629227	-3.422273	0.000000	9.168414e-026	7.944575e-039
720.000000	1.646545	-3.404955	0.000000	8.939163e-027	1.546470e-038
725.000000	1.663863	-3.387637	0.000000	8.496219e-028	3.010316e-038
730.000000	1.681181	-3.370319	0.000000	7.874908e-029	5.859801e-038
735.000000	1.698499	-3.353001	0.000000	7.120582e-030	1.140653e-037
740.000000	1.715817	-3.335683	0.000000	6.283329e-031	2.220365e-037
745.000000	1.733134	-3.318366	0.000000	5.412748e-032	4.322103e-037
750.000000	1.750452	-3.301048	0.000000	4.553487e-033	8.413289e-037
755.000000	1.767770	-3.283730	0.000000	3.742044e-034	1.637708e-036
760.000000	1.785088	-3.266412	0.000000	3.005027e-035	3.187919e-036
765.000000	1.802406	-3.249094	0.000000	2.358820e-036	6.205518e-036
770.000000	1.819724	-3.231776	0.000000	1.810406e-037	1.207949e-035
775.000000	1.837041	-3.214459	0.000000	1.358993e-038	2.351362e-035
780.000000	1.854359	-3.197141	0.000000	9.980195e-040	4.577098e-035
785.000000	1.871677	-3.179823	0.000000	7.172320e-041	8.909657e-035
790.000000	1.888995	-3.162505	0.000000	5.045378e-042	1.734330e-034
795.000000	1.906313	-3.145187	0.000000	3.474984e-043	3.376000e-034
800.000000	1.923631	-3.127869	0.000000	2.343936e-044	6.571631e-034
805.000000	1.940948	-3.110552	0.000000	1.548739e-045	1.279216e-033
810.000000	1.958266	-3.093234	0.000000	1.002660e-046	2.490088e-033
815.000000	1.975584	-3.075916	0.000000	6.361691e-048	4.847138e-033
820.000000	1.992902	-3.058598	0.000000	3.956701e-049	9.435309e-033
825.000000	2.010220	-3.041280	0.000000	2.412856e-050	1.836652e-032
830.000000	2.027538	-3.023962	0.000000	1.442981e-051	3.575177e-032
835.000000	2.044855	-3.006645	0.000000	8.464711e-053	6.959345e-032
840.000000	2.062173	-2.989327	0.000000	4.871639e-054	1.354687e-031
845.000000	2.079491	-2.972009	0.000000	2.751292e-055	2.636998e-031
850.000000	2.096809	-2.954691	0.000000	1.525043e-056	5.133110e-031
855.000000	2.114127	-2.937373	0.000000	8.298403e-058	9.991974e-031
860.000000	2.131445	-2.920055	0.000000	4.433589e-059	1.945011e-030
865.000000	2.148762	-2.902738	0.000000	2.326186e-060	3.786106e-030
870.000000	2.166080	-2.885420	0.000000	1.198780e-061	7.369932e-030
875.000000	2.183398	-2.868102	0.000000	6.068995e-063	1.434611e-029
880.000000	2.200716	-2.850784	0.000000	3.018917e-064	2.792576e-029
885.000000	2.218034	-2.833466	0.000000	1.475760e-065	5.435953e-029
890.000000	2.235352	-2.816148	0.000000	7.090586e-067	1.058148e-028
895.000000	2.252669	-2.798831	0.000000	3.349041e-068	2.059763e-028
900.000000	2.269987	-2.781513	0.000000	1.555248e-069	4.009479e-028
905.000000	2.287305	-2.764195	0.000000	7.102106e-071	7.804744e-028
910.000000	2.304623	-2.746877	0.000000	3.189694e-072	1.519251e-027
915.000000	2.321941	-2.729559	0.000000	1.409127e-073	2.957332e-027
920.000000	2.339259	-2.712241	0.000000	6.124265e-075	5.756664e-027
925.000000	2.356576	-2.694924	0.000000	2.618925e-076	1.120577e-026
930.000000	2.373894	-2.677606	0.000000	1.102094e-077	2.181285e-026
935.000000	2.391212	-2.660288	0.000000	4.564581e-079	4.246030e-026
940.000000	2.408530	-2.642970	0.000000	1.860925e-080	8.265209e-026
945.000000	2.425848	-2.625652	0.000000	7.468962e-082	1.608883e-025
950.000000	2.443166	-2.608334	0.000000	2.951564e-083	3.131809e-025
955.000000	2.460483	-2.591017	0.000000	1.148578e-084	6.096296e-025
960.000000	2.477801	-2.573699	0.000000	4.401899e-086	1.186689e-024
965.000000	2.495119	-2.556381	0.000000	1.661671e-087	2.309976e-024
970.000000	2.512437	-2.539063	0.000000	6.179143e-089	4.496538e-024
975.000000	2.529755	-2.521745	0.000000	2.263820e-090	8.752840e-024
980.000000	2.547073	-2.504427	0.000000	8.172170e-092	1.703804e-023
985.000000	2.564390	-2.487110	0.000000	2.907134e-093	3.316580e-023
990.000000	2.581708	-2.469792	0.000000	1.019235e-094	6.455965e-023
995.000000	2.599026	-2.452474	0.000000	3.522201e-096	1.256701e-022
1000.000000	2.616344	-2.435156	0.000000	1.199865e-097	2.446260e-022
1005.000000	2.633662	-2.417838	0.000000	4.029733e-099	4.761825e-022
1010.000000	2.650980	-2.400520	0.000000	1.334419e-100	9.269240e-022
1015.000000	2.668297	-2.383203	0.000000	4.357388e-102	1.804325e-021
1020.000000	2.685615	-2.365885	0.000000	1.403211e-103	3.512252e-021
1025.000000	2.702933	-2.348567	0.000000	4.456836e-105	6.836855e-021
1030.000000	2.720251	-2.331249	0.000000	1.396308e-106	1.330844e-020
1035.000000	2.737569	-2.313931	0.000000	4.315484e-108	2.590585e-020
1040.000000	2.754887	-2.296613	0.000000	1.315873e-109	5.042763e-020
1045.000000	2.772204	-2.279296	0.000000	3.958912e-111	9.816107e-020
1050.000000	2.789522	-2.261978	0.000000	1.175321e-112	1.910777e-019
1055.000000	2.806840	-2.244660	0.000000	3.443471e-114	3.719467e-019
1060.000000	2.824158	-2.227342	0.000000	9.957159e-116	7.240216e-019
1065.000000	2.841476	-2.210024	0.000000	2.841926e-117	1.409361e-018
1070.000000	2.858794	-2.192706	0.000000	8.006950e-119	2.743424e-018
1075.000000	2.876111	-2.175389	0.000000	2.227085e-120	5.340276e-018
1080.000000	2.893429	-2.158071	0.000000	6.115884e-122	1.039524e-017
1085.000000	2.910747	-2.140753	0.000000	1.658333e-123	2.023509e-017
1090.000000	2.928065	-2.123435	0.000000	4.440282e-125	3.938909e-017
1095.000000	2.945383	-2.106117	0.000000	1.174119e-126	7.667374e-017
1100.000000	2.962701	-2.088799	0.000000	3.066280e-128	1.492511e-016
1105.000000	2.980018	-2.071482	0.000000	7.909424e-130	2.905281e-016
1110.000000	2.997336	-2.054164	0.000000	2.015328e-131	5.655342e-016
1115.000000	3.014654	-2.036846	0.000000	5.072813e-133	1.100854e-015
1120.000000	3.031972	-2.019528	0.000000	1.261501e-134	2.142892e-015
1125.000000	3.049290	-2.002210	0.000000	3.099527e-136	4.171297e-015
1130.000000	3.066608	-1.984892	0.000000	7.524976e-138	8.119734e-015
1135.000000	3.083925	-1.967575	0.000000	1.805299e-139	1.580566e-014
1140.000000	3.101243	-1.950257	0.000000	4.280153e-141	3.076687e-014
1145.000000	3.118561	-1.932939	0.000000	1.002922e-142	5.988996e-014
1150.000000	3.135879	-1.915621	0.000000	2.322760e-144	1.165802e-013
1155.000000	3.153197	-1.898303	0.000000	5.317421e-146	2.269319e-013
1160.000000	3.170515	-1.880985	0.000000	1.203339e-147	4.417395e-013
1165.000000	3.187832	-1.863668	0.000000	2.692123e-149	8.598783e-013
1170.000000	3.205150	-1.846350	0.000000	5.954587e-151	1.673816e-012
1175.000000	3.222468	-1.829032	0.000000	1.302229e-152	3.258205e-012
1180.000000	3.239786	-1.811714	0.000000	2.815991e-154	6.342335e-012
1185.000000	3.257104	-1.794396	0.000000	6.021596e-156	1.234582e-011
1190.000000	3.274422	-1.777078	0.000000	1.273376e-157	2.403204e-011
1195.000000	3.291739	-1.759761	0.000000	2.663142e-159	4.678013e-011
1200.000000	3.309057	-1.742443	0.000000	5.508739e-161	9.106094e-011
1205.000000	3.326375	-1.725125	0.000000	1.127087e-162	1.772568e-010
1210.000000	3.343693	-1.707807	0.000000	2.281061e-164	3.450433e-010
1215.000000	3.361011	-1.690489	0.000000	4.566857e-166	6.716521e-010
1220.000000	3.378329	-1.673171	0.000000	9.045341e-168	1.307420e-009
1225.000000	3.395646	-1.655854	0.000000	1.772498e-169	2.544988e-009
1230.000000	3.412964	-1.638536	0.000000	3.436570e-171	4.954006e-009
1235.000000	3.430282	-1.621218	0.000000	6.592786e-173	9.643336e-009
1240.000000	3.447600	-1.603900	0.000000	1.251533e-174	1.877146e-008
1245.000000	3.464918	-1.586582	0.000000	2.351090e-176	3.654002e-008
1250.000000	3.482236	-1.569264	0.000000	4.370942e-178	7.112782e-008
1255.000000	3.499553	-1.551947	0.000000	8.042367e-180	1.384555e-007
1260.000000	3.516871	-1.534629	0.000000	1.464604e-181	2.695138e-007
1265.000000	3.534189	-1.517311	0.000000	2.640013e-183	5.246283e-007
1270.000000	3.551507	-1.499993	0.000000	4.710502e-185	1.021227e-006
1275.000000	3.568825	-1.482675	0.000000	8.320042e-187	1.987894e-006
1280.000000	3.586143	-1.465357	0.000000	1.454799e-188	3.869581e-006
1285.000000	3.603460	-1.448040	0.000000	2.518403e-190	7.532422e-006
1290.000000	3.620778	-1.430722	0.000000	4.316352e-192	1.466241e-005
1295.000000	3.638096	-1.413404	0.000000	7.324582e-194	2.854146e-005
1300.000000	3.655414	-1.396086	0.000000	1.230760e-195	5.555804e-005
1305.000000	3.672732	-1.378768	0.000000	2.047789e-197	1.081478e-004
1310.000000	3.690050	-1.361450	0.000000	3.374177e-199	2.105176e-004
1315.000000	3.707367	-1.344133	0.000000	5.504812e-201	4.097879e-004
1320.000000	3.724685	-1.326815	0.000000	8.897959e-203	7.976821e-004
1325.000000	3.742003	-1.309497	0.000000	1.423544e-204	1.552747e-003
1330.000000	3.759321	-1.292179	0.000000	2.257551e-206	3.022535e-003
1335.000000	3.776639	-1.274861	0.000000	3.544358e-208	5.883585e-003
1340.000000	3.793957	-1.257543	0.000000	5.511713e-210	1.145283e-002
1345.000000	3.811274	-1.240226	0.000000	8.495832e-212	2.229377e-002
1350.000000	3.828592	-1.222908	0.000000	1.296489e-213	4.339645e-002
1355.000000	3.845910	-1.205590	0.000000	1.963581e-215	8.447437e-002
1360.000000	3.863228	-1.188272	0.000000	2.943161e-217	1.644356e-001
1365.000000	3.880546	-1.170954	0.000000	4.352119e-219	3.200858e-001
1370.000000	3.897864	-1.153636	0.000000	6.438274e-221	6.230705e-001
1375.000000	3.915181	-1.136319	0.000000	9.153162e-223	1.212852e+000
1380.000000	3.932499	-1.119001	0.000000	1.331525e-224	2.360906e+000
1385.000000	3.949817	-1.101683	0.000000	1.964607e-226	4.595676e+000
1390.000000	3.967135	-1.084365	0.000000	2.748949e-228	8.945820e+000
1395.000000	3.984453	-1.067047	0.000000	4.061268e-230	1.741369e+001
1400.000000	4.001771	-1.049729	0.000000	4.804536e-232	3.389703e+001
1405.000000	4.019088	-1.032412	0.000000	7.822033e-234	6.598304e+001
1410.000000	4.036406	-1.015094	0.000000	1.159223e-235	1.284408e+002
1415.000000	4.053724	-0.997776	0.000000	1.125320e-237	2.500195e+002
1420.000000	4.071042	-0.980458	0.000000	2.074421e-239	4.866812e+002
1425.000000	4.088360	-0.963140	0.000000	1.237089e-241	9.473606e+002
1430.000000	4.105678	-0.945822	0.000000	9.264744e-243	1.844107e+003
1435.000000	4.122995	-0.928505	0.000000	6.851956e-246	3.589689e+003
1440.000000	4.140313	-0.911187	0.000000	2.446437e-246	6.987592e+003
1445.000000	4.157631	-0.893869	0.000000	8.339450e-249	1.360186e+004
1450.000000	4.174949	-0.876551	0.000000	4.204087e-250	2.647701e+004
1455.000000	4.192267	-0.859233	0.000000	2.266860e-251	5.153944e+004
1460.000000	4.209585	-0.841915	0.000000	7.285356e-253	1.003253e+005
1465.000000	4.226902	-0.824598	0.000000	5.018675e-254	1.952905e+005
1470.000000	4.244220	-0.807280	0.000000	1.153600e-255	3.801473e+005
1475.000000	4.261538	-0.789962	0.000000	2.399481e-256	7.399846e+005
1480.000000	4.278856	-0.772644	0.000000	6.305145e-259	1.440434e+006
1485.000000	4.296174	-0.755326	0.000000	1.230574e-261	2.803910e+006
1490.000000	4.313492	-0.738008	0.000000	1.595166e-262	5.458017e+006
1495.000000	4.330809	-0.720691	0.000000	8.525643e-264	1.062443e+007
1500.000000	4.348127	-0.703373	0.000000	7.789612e-266	2.068123e+007
1505.000000	4.365445	-0.686055	0.000000	6.889026e-266	4.025753e+007
1510.000000	4.382763	-0.668737	0.000000	2.292637e-267	7.836422e+007
1515.000000	4.400081	-0.651419	0.000000	5.955927e-270	1.525417e+008
1520.000000	4.417399	-0.634101	0.000000	3.020761e-271	2.969336e+008
1525.000000	4.434716	-0.616784	0.000000	1.485949e-272	5.780029e+008
1530.000000	4.452034	-0.599466	0.000000	1.264005e-274	1.125125e+009
1535.000000	4.469352	-0.582148	0.000000	9.320585e-276	2.190138e+009
1540.000000	4.486670	-0.564830	0.000000	2.254098e-276	4.263264e+009
1545.000000	4.503988	-0.547512	0.000000	6.890381e-280	8.298756e+009
1550.000000	4.521306	-0.530194	0.000000	4.620047e-281	1.615414e+010
1555.000000	4.538623	-0.512877	0.000000	1.115831e-281	3.144521e+010
1560.000000	4.555941	-0.495559	0.000000	2.666727e-284	6.121040e+010
1565.000000	4.573259	-0.478241	0.000000	1.237050e-284	1.191505e+011
1570.000000	4.590577	-0.460923	0.000000	3.190130e-289	2.319352e+011
1575.000000	4.607895	-0.443605	0.000000	1.180412e-287	4.514789e+011
1580.000000	4.625213	-0.426287	0.000000	6.057400e-289	8.788367e+011
1585.000000	4.642530	-0.408970	0.000000	1.874371e-291	1.710720e+012
1590.000000	4.659848	-0.391652	0.000000	4.098664e-293	3.330042e+012
1595.000000	4.677166	-0.374334	0.000000	7.875031e-294	6.482171e+012
1600.000000	4.694484	-0.357016	0.000000	3.380368e-296	1.261802e+013
1605.000000	4.711802	-0.339698	0.000000	8.363918e-298	2.456192e+013
1610.000000	4.729120	-0.322380	0.000000	3.062201e-298	4.781162e+013
1615.000000	4.746437	-0.305063	0.000000	6.428836e-301	9.306901e+013
1620.000000	4.763755	-0.287745	0.000000	1.326515e-302	1.811663e+014
1625.000000	4.781073	-0.270427	0.000000	2.331964e-304	3.526562e+014
1630.000000	4.798392	-0.253108	0.000000	1.086707e-305	6.864810e+014
1635.000000	4.815710	-0.235790	0.000000	6.350912e-307	1.336324e+015
1640.000000	4.833029	-0.218471	0.000000	2.776418e-308	2.601395e+015
1645.000000	4.850350	-0.201150	0.000000	1.047802e-311	5.064352e+015
1650.000000	4.867673	-0.183827	0.000000	5.776125e-312	9.860197e+015
1655.000000	4.885002	-0.166498	0.000000	7.672852e-313	1.920143e+016
1660.000000	4.902340	-0.149160	0.000000	3.062327e-316	3.740668e+016
1665.000000	4.919698	-0.131802	0.000000	3.874626e-318	7.292756e+016
1670.000000	4.937095	-0.114405	0.000000	3.603932e-318	1.423874e+017
1675.000000	4.954565	-0.096935	0.000000	6.360601e-320	2.788017e+017
1680.000000	4.972182	-0.079318	0.000000	1.711443e-320	5.489788e+017
1685.000000	4.990086	-0.061414	0.000000	6.916919e-323	1.092981e+018
1690.000000	5.008561	-0.042939	0.000000	0.000000e+000	2.224438e+018
1695.000000	5.028200	-0.023300	0.000000	0.000000e+000	4.734403e+018
1700.000000	5.050316	-0.001184	0.000000	0.000000e+000	1.108357e+019
1705.000000	5.078230	0.026730	0.000000	0.000000e+000	3.242966e+019
1710.000000	5.123108	0.071608	0.000000	0.000000e+000	1.822120e+020
1715.000000	5.781248	-0.049952	0.000000	0.000000e+000	1.698520e+018
1725.000000	5.721766	-0.109434	0.000000	0.000000e+000	1.723914e+017
1735.000000	5.662649	-0.168551	0.000000	0.000000e+000	1.774398e+016
1745.000000	5.603570	-0.227630	0.000000	0.000000e+000	1.828998e+015
1755.000000	5.544495	-0.286705	0.000000	0.000000e+000	1.885559e+014
1765.000000	5.485420	-0.345780	0.000000	0.000000e+000	1.943898e+013
1775.000000	5.426345	-0.404855	0.000000	0.000000e+000	2.004046e+012
1785.000000	5.367270	-0.463930	0.000000	0.000000e+000	2.066056e+011
1795.000000	5.308195	-0.523005	0.000000	0.000000e+000	2.129984e+010
1805.000000	5.249120	-0.582080	0.000000	0.000000e+000	2.195890e+009
1815.000000	5.190045	-0.641155	0.000000	0.000000e+000	2.263835e+008
1825.000000	5.130970	-0.700230	0.000000	0.000000e+000	2.333883e+007
1835.000000	5.071895	-0.759305	0.000000	0.000000e+000	2.406099e+006
1845.000000	5.012821	-0.818379	0.000000	0.000000e+000	2.480548e+005
1855.000000	4.953746	-0.877454	0.000000	0.000000e+000	2.557302e+004
1865.000000	4.894671	-0.936529	0.000000	0.000000e+000	2.636430e+003
1875.000000	4.835596	-0.995604	0.000000	0.000000e+000	2.718007e+002
1885.000000	4.776521	-1.054679	0.000000	0.000000e+000	2.802107e+001
1895.000000	4.717446	-1.113754	0.000000	0.000000e+000	2.888811e+000
1905.000000	4.658371	-1.172829	0.000000	0.000000e+000	2.978196e-001
1915.000000	4.599296	-1.231904	0.000000	0.000000e+000	3.070348e-002
1925.000000	4.540221	-1.290979	0.000000	0.000000e+000	3.165351e-003
1935.000000	4.481146	-1.350054	0.000000	0.000000e+000	3.263294e-004
1945.000000	4.422071	-1.409129	0.000000	0.000000e+000	3.364267e-005
1955.000000	4.362997	-1.468203	0.000000	0.000000e+000	3.468364e-006
1965.000000	4.303922	-1.527278	0.000000	0.000000e+000	3.575683e-007
1975.000000	4.244847	-1.586353	0.000000	0.000000e+000	3.686322e-008
1985.000000	4.185772	-1.645428	0.000000	0.000000e+000	3.800384e-009
1995.000000	4.126697	-1.704503	0.000000	0.000000e+000	3.917976e-010
2005.000000	4.067622	-1.763578	0.000000	0.000000e+000	4.039207e-011
2015.000000	4.008547	-1.822653	0.000000	0.000000e+000	4.164188e-012
2025.000000	3.949472	-1.881728	0.000000	0.000000e+000	4.293037e-013
2035.000000	3.890397	-1.940803	0.000000	0.000000e+000	4.425873e-014
2045.000000	3.831322	-1.999878	0.000000	0.000000e+000	4.562818e-015
2055.000000	3.772247	-2.058953	0.000000	0.000000e+000	4.704002e-016
2065.000000	3.713172	-2.118028	0.000000	0.000000e+000	4.849553e-017
2075.000000	3.654098	-2.177102	0.000000	0.000000e+000	4.999609e-018
2085.000000	3.595023	-2.236177	0.000000	0.000000e+000	5.154307e-019
2095.000000	3.535948	-2.295252	0.000000	0.000000e+000	5.313792e-020
2105.000000	3.476873	-2.354327	0.000000	0.000000e+000	5.478212e-021
2115.000000	3.417798	-2.413402	0.000000	0.000000e+000	5.647719e-022
2125.000000	3.358723	-2.472477	0.000000	0.000000e+000	5.822472e-023
2135.000000	3.299648	-2.531552	0.000000	0.000000e+000	6.002631e-024
2145.000000	3.240573	-2.590627	0.000000	0.000000e+000	6.188365e-025
2155.000000	3.181498	-2.649702	0.000000	0.000000e+000	6.379846e-026
2165.000000	3.122423	-2.708777	0.000000	0.000000e+000	6.577252e-027
2175.000000	3.063348	-2.767852	0.000000	0.000000e+000	6.780766e-028
2185.000000	3.004274	-2.826926	0.000000	0.000000e+000	6.990577e-029
2195.000000	2.945199	-2.886001	0.000000	0.000000e+000	7.206880e-030
2205.000000	2.886124	-2.945076	0.000000	0.000000e+000	7.429876e-031
2215.000000	2.827049	-3.004151	0.000000	0.000000e+000	7.659772e-032
2225.000000	2.767974	-3.063226	0.000000	0.000000e+000	7.896782e-033
2235.000000	2.708899	-3.122301	0.000000	0.000000e+000	8.141125e-034
2245.000000	2.649824	-3.181376	0.000000	0.000000e+000	8.393028e-035
2255.000000	2.590749	-3.240451	0.000000	0.000000e+000	8.652726e-036
2265.000000	2.531674	-3.299526	0.000000	0.000000e+000	8.920460e-037
2275.000000	2.472599	-3.358601	0.000000	0.000000e+000	9.196478e-038
2285.000000	2.413524	-3.417676	0.000000	0.000000e+000	9.481036e-039
2295.000000	2.354449	-3.476751	0.000000	0.000000e+000	9.774399e-040
2305.000000	2.295375	-3.535825	0.000000	0.000000e+000	1.007684e-040
2315.000000	2.236300	-3.594900	0.000000	0.000000e+000	1.038864e-041
2325.000000	2.177225	-3.653975	0.000000	0.000000e+000	1.071008e-042
2335.000000	2.118150	-3.713050	0.000000	0.000000e+000	1.104148e-043
2345.000000	2.059075	-3.772125	0.000000	0.000000e+000	1.138312e-044
2355.000000	2.000000	-3.831200	0.000000	0.000000e+000	1.173534e-045
