x	Ec	Ev	Ef	n	p
0.000000	2.500000	-3.223500	0.000000	1.332990e-007	1.660711e-035
5.000000	2.388399	-3.335101	0.000000	3.400786e-007	2.270685e-037
10.000000	2.279966	-3.443534	0.000000	2.427353e-006	3.506885e-039
15.000000	2.174698	-3.548802	0.000000	9.355759e-008	6.117472e-041
20.000000	2.072596	-3.650904	0.000000	1.829951e-005	1.205291e-042
25.000000	1.973658	-3.749842	0.000000	2.015533e-005	2.682042e-044
30.000000	1.877883	-3.845617	0.000000	2.454037e-005	6.740272e-046
35.000000	1.785270	-3.938230	0.000000	5.517846e-005	1.912988e-047
40.000000	1.695819	-4.027681	0.000000	3.374162e-005	6.131336e-049
45.000000	1.609529	-4.113971	0.000000	1.284718e-004	2.219177e-050
50.000000	1.526398	-4.197102	0.000000	1.298580e-003	9.070037e-052
55.000000	1.446427	-4.277073	0.000000	1.501843e-002	4.185942e-053
60.000000	1.369614	-4.353886	0.000000	1.551685e-001	2.181384e-054
65.000000	1.295958	-4.427542	0.000000	1.436517e+000	1.283554e-055
70.000000	1.225459	-4.498041	0.000000	1.192065e+001	8.527636e-057
75.000000	1.158117	-4.565383	0.000000	8.884566e+001	6.396838e-058
80.000000	1.093930	-4.629570	0.000000	5.963309e+002	5.417704e-059
85.000000	1.032899	-4.690601	0.000000	3.615966e+003	5.180483e-060
90.000000	0.975022	-4.748478	0.000000	1.987278e+004	5.592720e-061
95.000000	0.920300	-4.803200	0.000000	9.927758e+004	6.816597e-062
100.000000	0.868732	-4.854768	0.000000	4.518085e+005	9.379912e-063
105.000000	0.820319	-4.903181	0.000000	1.875616e+006	1.457177e-063
110.000000	0.775059	-4.948441	0.000000	7.106546e+006	2.555674e-064
115.000000	0.732952	-4.990548	0.000000	2.457583e+007	5.060299e-065
120.000000	0.694000	-5.029500	0.000000	7.755185e+007	1.131159e-065
125.000000	0.658200	-5.065300	0.000000	2.232437e+008	2.854619e-066
130.000000	0.625555	-5.097945	0.000000	5.860623e+008	8.133004e-067
135.000000	0.596063	-5.127437	0.000000	1.402732e+009	2.615982e-067
140.000000	0.569726	-5.153774	0.000000	3.060374e+009	9.499551e-068
145.000000	0.546543	-5.176957	0.000000	6.084987e+009	3.894579e-068
150.000000	0.526514	-5.196986	0.000000	1.102449e+010	1.802655e-068
155.000000	0.509641	-5.213859	0.000000	1.819742e+010	9.420334e-069
160.000000	0.495923	-5.227577	0.000000	2.736288e+010	5.558135e-069
165.000000	0.485361	-5.238139	0.000000	3.747780e+010	3.702624e-069
170.000000	0.477956	-5.245544	0.000000	4.675495e+010	2.784951e-069
175.000000	0.473709	-5.249791	0.000000	5.314766e+010	2.365174e-069
180.000000	0.472619	-5.250881	0.000000	5.531885e+010	2.268075e-069
185.000000	0.474687	-5.248813	0.000000	5.544192e+010	2.455913e-069
190.000000	0.479915	-5.243585	0.000000	7.848574e+010	3.002908e-069
190.100000	0.480020	-5.243480	0.000000	8.018818e+010	3.015009e-069
190.200000	0.480125	-5.243375	0.000000	8.197940e+010	3.027159e-069
190.300000	0.480229	-5.243271	0.000000	8.386363e+010	3.039358e-069
190.400000	0.480334	-5.243166	0.000000	8.584531e+010	3.051605e-069
190.500000	0.480438	-5.243062	0.000000	8.792908e+010	3.063903e-069
190.600000	0.480543	-5.242957	0.000000	9.011981e+010	3.076249e-069
190.700000	0.480647	-5.242853	0.000000	9.242261e+010	3.088646e-069
190.800000	0.480752	-5.242748	0.000000	9.484282e+010	3.101092e-069
190.900000	0.480857	-5.242643	0.000000	9.738605e+010	3.113589e-069
191.000000	0.480961	-5.242539	0.000000	1.000582e+011	3.126136e-069
191.100000	0.481066	-5.242434	0.000000	1.028653e+011	3.138734e-069
191.200000	0.481170	-5.242330	0.000000	1.058139e+011	3.151382e-069
191.300000	0.481275	-5.242225	0.000000	1.089108e+011	3.164081e-069
191.400000	0.481379	-5.242121	0.000000	1.121630e+011	3.176832e-069
191.500000	0.481484	-5.242016	0.000000	1.155778e+011	3.189634e-069
191.600000	0.481589	-5.241911	0.000000	1.191632e+011	3.202487e-069
191.700000	0.481693	-5.241807	0.000000	1.229272e+011	3.215392e-069
191.800000	0.481798	-5.241702	0.000000	1.268784e+011	3.228349e-069
191.900000	0.481902	-5.241598	0.000000	1.310256e+011	3.241359e-069
192.000000	0.482007	-5.241493	0.000000	1.353783e+011	3.254421e-069
192.100000	0.482111	-5.241389	0.000000	1.399462e+011	3.267535e-069
192.200000	0.482216	-5.241284	0.000000	1.447396e+011	3.280703e-069
192.300000	0.482320	-5.241180	0.000000	1.497694e+011	3.293923e-069
192.400000	0.482425	-5.241075	0.000000	1.550467e+011	3.307197e-069
192.500000	0.482530	-5.240970	0.000000	1.605834e+011	3.320524e-069
192.600000	0.482634	-5.240866	0.000000	1.663919e+011	3.333905e-069
192.700000	0.482739	-5.240761	0.000000	1.724852e+011	3.347340e-069
192.800000	0.482843	-5.240657	0.000000	1.788768e+011	3.360829e-069
192.900000	0.482948	-5.240552	0.000000	1.855811e+011	3.374372e-069
193.000000	0.483052	-5.240448	0.000000	1.926129e+011	3.387970e-069
193.100000	0.483157	-5.240343	0.000000	1.999878e+011	3.401622e-069
193.200000	0.483262	-5.240238	0.000000	2.077224e+011	3.415330e-069
193.300000	0.483366	-5.240134	0.000000	2.158337e+011	3.429093e-069
193.400000	0.483471	-5.240029	0.000000	2.243398e+011	3.442912e-069
193.500000	0.483575	-5.239925	0.000000	2.332594e+011	3.456786e-069
193.600000	0.483680	-5.239820	0.000000	2.426125e+011	3.470716e-069
193.700000	0.483784	-5.239716	0.000000	2.524197e+011	3.484702e-069
193.800000	0.483889	-5.239611	0.000000	2.627026e+011	3.498744e-069
193.900000	0.483993	-5.239507	0.000000	2.734841e+011	3.512843e-069
194.000000	0.484098	-5.239402	0.000000	2.847880e+011	3.526999e-069
194.100000	0.484203	-5.239297	0.000000	2.966392e+011	3.541212e-069
194.200000	0.484307	-5.239193	0.000000	3.090639e+011	3.555482e-069
194.300000	0.484412	-5.239088	0.000000	3.220895e+011	3.569810e-069
194.400000	0.484516	-5.238984	0.000000	3.357448e+011	3.584195e-069
194.500000	0.484621	-5.238879	0.000000	3.500599e+011	3.598639e-069
194.600000	0.484725	-5.238775	0.000000	3.650664e+011	3.613141e-069
194.700000	0.484830	-5.238670	0.000000	3.807973e+011	3.627701e-069
194.800000	0.484935	-5.238565	0.000000	3.972872e+011	3.642319e-069
194.900000	0.485039	-5.238461	0.000000	4.145726e+011	3.656997e-069
195.000000	0.485144	-5.238356	0.000000	4.326915e+011	3.671734e-069
195.100000	0.485248	-5.238252	0.000000	4.516837e+011	3.686530e-069
195.200000	0.485353	-5.238147	0.000000	4.715911e+011	3.701386e-069
195.300000	0.485457	-5.238043	0.000000	4.924576e+011	3.716301e-069
195.400000	0.485562	-5.237938	0.000000	5.143289e+011	3.731277e-069
195.500000	0.485666	-5.237834	0.000000	5.372533e+011	3.746313e-069
195.600000	0.485771	-5.237729	0.000000	5.612812e+011	3.761410e-069
195.700000	0.485876	-5.237624	0.000000	5.864654e+011	3.776568e-069
195.800000	0.485980	-5.237520	0.000000	6.128614e+011	3.791786e-069
195.900000	0.486085	-5.237415	0.000000	6.405272e+011	3.807066e-069
196.000000	0.486189	-5.237311	0.000000	6.695237e+011	3.822408e-069
196.100000	0.486294	-5.237206	0.000000	6.999146e+011	3.837811e-069
196.200000	0.486398	-5.237102	0.000000	7.317669e+011	3.853276e-069
196.300000	0.486503	-5.236997	0.000000	7.651505e+011	3.868804e-069
196.400000	0.486608	-5.236892	0.000000	8.001389e+011	3.884395e-069
196.500000	0.486712	-5.236788	0.000000	8.368091e+011	3.900048e-069
196.600000	0.486817	-5.236683	0.000000	8.752417e+011	3.915764e-069
196.700000	0.486921	-5.236579	0.000000	9.155213e+011	3.931544e-069
196.800000	0.487026	-5.236474	0.000000	9.577366e+011	3.947387e-069
196.900000	0.487130	-5.236370	0.000000	1.001980e+012	3.963294e-069
197.000000	0.487235	-5.236265	0.000000	1.048350e+012	3.979265e-069
197.100000	0.487339	-5.236161	0.000000	1.096947e+012	3.995300e-069
197.200000	0.487444	-5.236056	0.000000	1.147880e+012	4.011400e-069
197.300000	0.487549	-5.235951	0.000000	1.201259e+012	4.027565e-069
197.400000	0.487653	-5.235847	0.000000	1.257203e+012	4.043795e-069
197.500000	0.487758	-5.235742	0.000000	1.315835e+012	4.060091e-069
197.600000	0.487862	-5.235638	0.000000	1.377283e+012	4.076452e-069
197.700000	0.487967	-5.235533	0.000000	1.441684e+012	4.092879e-069
197.800000	0.488071	-5.235429	0.000000	1.509178e+012	4.109372e-069
197.900000	0.488176	-5.235324	0.000000	1.579916e+012	4.125932e-069
198.000000	0.488281	-5.235219	0.000000	1.654052e+012	4.142559e-069
198.100000	0.488385	-5.235115	0.000000	1.731750e+012	4.159252e-069
198.200000	0.488490	-5.235010	0.000000	1.813181e+012	4.176013e-069
198.300000	0.488594	-5.234906	0.000000	1.898525e+012	4.192841e-069
198.400000	0.488699	-5.234801	0.000000	1.987970e+012	4.209737e-069
198.500000	0.488803	-5.234697	0.000000	2.081713e+012	4.226701e-069
198.600000	0.488908	-5.234592	0.000000	2.179962e+012	4.243734e-069
198.700000	0.489012	-5.234488	0.000000	2.282932e+012	4.260835e-069
198.800000	0.489117	-5.234383	0.000000	2.390852e+012	4.278005e-069
198.900000	0.489222	-5.234278	0.000000	2.503959e+012	4.295245e-069
199.000000	0.489326	-5.234174	0.000000	2.622503e+012	4.312553e-069
199.100000	0.489431	-5.234069	0.000000	2.746747e+012	4.329932e-069
199.200000	0.489535	-5.233965	0.000000	2.876963e+012	4.347380e-069
199.300000	0.489640	-5.233860	0.000000	3.013441e+012	4.364899e-069
199.400000	0.489744	-5.233756	0.000000	3.156482e+012	4.382489e-069
199.500000	0.489849	-5.233651	0.000000	3.306401e+012	4.400149e-069
199.600000	0.489954	-5.233546	0.000000	3.463531e+012	4.417881e-069
199.700000	0.490058	-5.233442	0.000000	3.628219e+012	4.435684e-069
199.800000	0.490163	-5.233337	0.000000	3.800829e+012	4.453558e-069
199.900000	0.490267	-5.233233	0.000000	3.981744e+012	4.471505e-069
200.000000	0.490372	-5.233128	0.000000	4.171363e+012	4.489524e-069
200.100000	0.490476	-5.233024	0.000000	4.370106e+012	4.507616e-069
200.200000	0.490581	-5.232919	0.000000	4.578414e+012	4.525780e-069
200.300000	0.490685	-5.232815	0.000000	4.796748e+012	4.544018e-069
200.400000	0.490790	-5.232710	0.000000	5.025591e+012	4.562329e-069
200.500000	0.490895	-5.232605	0.000000	5.265451e+012	4.580714e-069
200.600000	0.490999	-5.232501	0.000000	5.516859e+012	4.599174e-069
200.700000	0.491104	-5.232396	0.000000	5.780373e+012	4.617707e-069
200.800000	0.491208	-5.232292	0.000000	6.056577e+012	4.636315e-069
200.900000	0.491313	-5.232187	0.000000	6.346084e+012	4.654999e-069
201.000000	0.491417	-5.232083	0.000000	6.649536e+012	4.673757e-069
201.100000	0.491522	-5.231978	0.000000	6.967606e+012	4.692591e-069
201.200000	0.491627	-5.231873	0.000000	7.301002e+012	4.711501e-069
201.300000	0.491731	-5.231769	0.000000	7.650463e+012	4.730487e-069
201.400000	0.491836	-5.231664	0.000000	8.016765e+012	4.749550e-069
201.500000	0.491940	-5.231560	0.000000	8.400722e+012	4.768689e-069
201.600000	0.492045	-5.231455	0.000000	8.803187e+012	4.787906e-069
201.700000	0.492149	-5.231351	0.000000	9.225056e+012	4.807200e-069
201.800000	0.492254	-5.231246	0.000000	9.667266e+012	4.826572e-069
201.900000	0.492358	-5.231142	0.000000	1.013080e+013	4.846022e-069
202.000000	0.492463	-5.231037	0.000000	1.061669e+013	4.865550e-069
202.100000	0.492568	-5.230932	0.000000	1.112602e+013	4.885157e-069
202.200000	0.492672	-5.230828	0.000000	1.165992e+013	4.904843e-069
202.300000	0.492777	-5.230723	0.000000	1.221958e+013	4.924608e-069
202.400000	0.492881	-5.230619	0.000000	1.280624e+013	4.944453e-069
202.500000	0.492986	-5.230514	0.000000	1.342122e+013	4.964378e-069
202.600000	0.493090	-5.230410	0.000000	1.406588e+013	4.984383e-069
202.700000	0.493195	-5.230305	0.000000	1.474166e+013	5.004469e-069
202.800000	0.493300	-5.230200	0.000000	1.545007e+013	5.024636e-069
202.900000	0.493404	-5.230096	0.000000	1.619268e+013	5.044884e-069
203.000000	0.493509	-5.229991	0.000000	1.697116e+013	5.065214e-069
203.100000	0.493613	-5.229887	0.000000	1.778724e+013	5.085625e-069
203.200000	0.493718	-5.229782	0.000000	1.864274e+013	5.106119e-069
203.300000	0.493822	-5.229678	0.000000	1.953957e+013	5.126695e-069
203.400000	0.493927	-5.229573	0.000000	2.047974e+013	5.147355e-069
203.500000	0.494032	-5.229468	0.000000	2.146534e+013	5.168097e-069
203.600000	0.494136	-5.229364	0.000000	2.249857e+013	5.188923e-069
203.700000	0.494241	-5.229259	0.000000	2.358175e+013	5.209833e-069
203.800000	0.494345	-5.229155	0.000000	2.471730e+013	5.230828e-069
203.900000	0.494450	-5.229050	0.000000	2.590776e+013	5.251907e-069
204.000000	0.494554	-5.228946	0.000000	2.715578e+013	5.273070e-069
204.100000	0.494659	-5.228841	0.000000	2.846416e+013	5.294320e-069
204.200000	0.494763	-5.228737	0.000000	2.983583e+013	5.315654e-069
204.300000	0.494868	-5.228632	0.000000	3.127386e+013	5.337075e-069
204.400000	0.494973	-5.228527	0.000000	3.278147e+013	5.358582e-069
204.500000	0.495077	-5.228423	0.000000	3.436204e+013	5.380176e-069
204.600000	0.495182	-5.228318	0.000000	3.601910e+013	5.401857e-069
204.700000	0.495286	-5.228214	0.000000	3.775636e+013	5.423625e-069
204.800000	0.495391	-5.228109	0.000000	3.957774e+013	5.445481e-069
204.900000	0.495495	-5.228005	0.000000	4.148729e+013	5.467424e-069
205.000000	0.495600	-5.227900	0.000000	4.348932e+013	5.489457e-069
205.100000	0.495705	-5.227795	0.000000	4.558830e+013	5.511578e-069
205.200000	0.495809	-5.227691	0.000000	4.778896e+013	5.533788e-069
205.300000	0.495914	-5.227586	0.000000	5.009622e+013	5.556088e-069
205.400000	0.496018	-5.227482	0.000000	5.251527e+013	5.578478e-069
205.500000	0.496123	-5.227377	0.000000	5.505154e+013	5.600957e-069
205.600000	0.496227	-5.227273	0.000000	5.771072e+013	5.623528e-069
205.700000	0.496332	-5.227168	0.000000	6.049879e+013	5.646189e-069
205.800000	0.496436	-5.227064	0.000000	6.342202e+013	5.668942e-069
205.900000	0.496541	-5.226959	0.000000	6.648698e+013	5.691786e-069
206.000000	0.496646	-5.226854	0.000000	6.970055e+013	5.714723e-069
206.100000	0.496750	-5.226750	0.000000	7.306996e+013	5.737751e-069
206.200000	0.496855	-5.226645	0.000000	7.660280e+013	5.760873e-069
206.300000	0.496959	-5.226541	0.000000	8.030702e+013	5.784088e-069
206.400000	0.497064	-5.226436	0.000000	8.419094e+013	5.807396e-069
206.500000	0.497168	-5.226332	0.000000	8.826332e+013	5.830799e-069
206.600000	0.497273	-5.226227	0.000000	9.253332e+013	5.854295e-069
206.700000	0.497378	-5.226122	0.000000	9.701056e+013	5.877886e-069
206.800000	0.497482	-5.226018	0.000000	1.017051e+014	5.901573e-069
206.900000	0.497587	-5.225913	0.000000	1.066276e+014	5.925355e-069
207.000000	0.497691	-5.225809	0.000000	1.117891e+014	5.949232e-069
207.100000	0.497796	-5.225704	0.000000	1.172012e+014	5.973206e-069
207.200000	0.497900	-5.225600	0.000000	1.228762e+014	5.997276e-069
207.300000	0.498005	-5.225495	0.000000	1.288268e+014	6.021444e-069
207.400000	0.498109	-5.225391	0.000000	1.350665e+014	6.045709e-069
207.500000	0.498214	-5.225286	0.000000	1.416094e+014	6.070071e-069
207.600000	0.498319	-5.225181	0.000000	1.484702e+014	6.094532e-069
207.700000	0.498423	-5.225077	0.000000	1.556644e+014	6.119091e-069
207.800000	0.498528	-5.224972	0.000000	1.632083e+014	6.143749e-069
207.900000	0.498632	-5.224868	0.000000	1.711188e+014	6.168507e-069
208.000000	0.498737	-5.224763	0.000000	1.794140e+014	6.193364e-069
208.100000	0.498841	-5.224659	0.000000	1.881125e+014	6.218322e-069
208.200000	0.498946	-5.224554	0.000000	1.972341e+014	6.243380e-069
208.300000	0.499051	-5.224449	0.000000	2.067992e+014	6.268539e-069
208.400000	0.499155	-5.224345	0.000000	2.168297e+014	6.293800e-069
208.500000	0.499260	-5.224240	0.000000	2.273481e+014	6.319162e-069
208.600000	0.499364	-5.224136	0.000000	2.383782e+014	6.344626e-069
208.700000	0.499469	-5.224031	0.000000	2.499451e+014	6.370193e-069
208.800000	0.499573	-5.223927	0.000000	2.620749e+014	6.395863e-069
208.900000	0.499678	-5.223822	0.000000	2.747952e+014	6.421637e-069
209.000000	0.499782	-5.223718	0.000000	2.881346e+014	6.447514e-069
209.100000	0.499887	-5.223613	0.000000	3.021235e+014	6.473496e-069
209.200000	0.499992	-5.223508	0.000000	3.167935e+014	6.499582e-069
209.300000	0.500096	-5.223404	0.000000	3.321779e+014	6.525773e-069
209.400000	0.500201	-5.223299	0.000000	3.483116e+014	6.552070e-069
209.500000	0.500305	-5.223195	0.000000	3.652312e+014	6.578473e-069
209.600000	0.500410	-5.223090	0.000000	3.829750e+014	6.604982e-069
209.700000	0.500514	-5.222986	0.000000	4.015833e+014	6.631598e-069
209.800000	0.500619	-5.222881	0.000000	4.210984e+014	6.658321e-069
209.900000	0.500724	-5.222776	0.000000	4.415646e+014	6.685152e-069
210.000000	0.870488	-5.409512	0.000000	5.005711e+014	5.081020e-072
210.100000	0.868190	-5.411810	0.000000	5.273021e+014	4.651158e-072
210.200000	0.865891	-5.414109	0.000000	5.558072e+014	4.257662e-072
210.300000	0.863593	-5.416407	0.000000	5.861972e+014	3.897457e-072
210.400000	0.861295	-5.418705	0.000000	6.185904e+014	3.567726e-072
210.500000	0.858997	-5.421003	0.000000	6.531122e+014	3.265891e-072
210.600000	0.856698	-5.423302	0.000000	6.898962e+014	2.989592e-072
210.700000	0.854400	-5.425600	0.000000	7.290843e+014	2.736667e-072
210.800000	0.852102	-5.427898	0.000000	7.708274e+014	2.505141e-072
210.900000	0.849803	-5.430197	0.000000	8.152858e+014	2.293202e-072
211.000000	0.847505	-5.432495	0.000000	8.626300e+014	2.099194e-072
211.100000	0.845207	-5.434793	0.000000	9.130408e+014	1.921598e-072
211.200000	0.842909	-5.437091	0.000000	9.667107e+014	1.759028e-072
211.300000	0.840610	-5.439390	0.000000	1.023844e+015	1.610211e-072
211.400000	0.838312	-5.441688	0.000000	1.084657e+015	1.473985e-072
211.500000	0.836014	-5.443986	0.000000	1.149381e+015	1.349283e-072
211.600000	0.833715	-5.446285	0.000000	1.218260e+015	1.235132e-072
211.700000	0.831417	-5.448583	0.000000	1.291553e+015	1.130638e-072
211.800000	0.829119	-5.450881	0.000000	1.369536e+015	1.034984e-072
211.900000	0.826820	-5.453180	0.000000	1.452502e+015	9.474224e-073
212.000000	0.824522	-5.455478	0.000000	1.540761e+015	8.672689e-073
212.100000	0.822224	-5.457776	0.000000	1.634642e+015	7.938965e-073
212.200000	0.819926	-5.460074	0.000000	1.734495e+015	7.267315e-073
212.300000	0.817627	-5.462373	0.000000	1.840691e+015	6.652487e-073
212.400000	0.815329	-5.464671	0.000000	1.953623e+015	6.089675e-073
212.500000	0.813031	-5.466969	0.000000	2.073707e+015	5.574478e-073
212.600000	0.810732	-5.469268	0.000000	2.201388e+015	5.102867e-073
212.700000	0.808434	-5.471566	0.000000	2.337133e+015	4.671156e-073
212.800000	0.806136	-5.473864	0.000000	2.481441e+015	4.275968e-073
212.900000	0.803838	-5.476162	0.000000	2.634840e+015	3.914213e-073
213.000000	0.801539	-5.478461	0.000000	2.797889e+015	3.583063e-073
213.100000	0.799241	-5.480759	0.000000	2.971180e+015	3.279930e-073
213.200000	0.796943	-5.483057	0.000000	3.155344e+015	3.002441e-073
213.300000	0.794644	-5.485356	0.000000	3.351046e+015	2.748429e-073
213.400000	0.792346	-5.487654	0.000000	3.558993e+015	2.515907e-073
213.500000	0.790048	-5.489952	0.000000	3.779934e+015	2.303056e-073
213.600000	0.787749	-5.492251	0.000000	4.014661e+015	2.108213e-073
213.700000	0.785451	-5.494549	0.000000	4.264016e+015	1.929854e-073
213.800000	0.783153	-5.496847	0.000000	4.528889e+015	1.766584e-073
213.900000	0.780854	-5.499146	0.000000	4.810224e+015	1.617128e-073
214.000000	0.778556	-5.501444	0.000000	5.109019e+015	1.480315e-073
214.100000	0.776258	-5.503742	0.000000	5.426335e+015	1.355077e-073
214.200000	0.773960	-5.506040	0.000000	5.763292e+015	1.240435e-073
214.300000	0.771661	-5.508339	0.000000	6.121077e+015	1.135491e-073
214.400000	0.769363	-5.510637	0.000000	6.500948e+015	1.039426e-073
214.500000	0.767065	-5.512935	0.000000	6.904236e+015	9.514882e-074
214.600000	0.764766	-5.515234	0.000000	7.332352e+015	8.709900e-074
214.700000	0.762468	-5.517532	0.000000	7.786787e+015	7.973021e-074
214.800000	0.760170	-5.519830	0.000000	8.269121e+015	7.298484e-074
214.900000	0.757871	-5.522129	0.000000	8.781026e+015	6.681013e-074
215.000000	0.755573	-5.524427	0.000000	9.324272e+015	6.115782e-074
215.100000	0.753275	-5.526725	0.000000	9.900732e+015	5.598370e-074
215.200000	0.750976	-5.529024	0.000000	1.051239e+016	5.124733e-074
215.300000	0.748678	-5.531322	0.000000	1.116134e+016	4.691166e-074
215.400000	0.746380	-5.533620	0.000000	1.184979e+016	4.294279e-074
215.500000	0.744081	-5.535919	0.000000	1.258011e+016	3.930970e-074
215.600000	0.741783	-5.538217	0.000000	1.335477e+016	3.598398e-074
215.700000	0.739485	-5.540515	0.000000	1.417640e+016	3.293962e-074
215.800000	0.737186	-5.542814	0.000000	1.504777e+016	3.015282e-074
215.900000	0.734888	-5.545112	0.000000	1.597182e+016	2.760179e-074
216.000000	0.732590	-5.547410	0.000000	1.695166e+016	2.526658e-074
216.100000	0.730291	-5.549709	0.000000	1.799057e+016	2.312893e-074
216.200000	0.727993	-5.552007	0.000000	1.909203e+016	2.117214e-074
216.300000	0.725695	-5.554305	0.000000	2.025970e+016	1.938089e-074
216.400000	0.723396	-5.556604	0.000000	2.149746e+016	1.774119e-074
216.500000	0.721098	-5.558902	0.000000	2.280942e+016	1.624021e-074
216.600000	0.718799	-5.561201	0.000000	2.419990e+016	1.486621e-074
216.700000	0.716501	-5.563499	0.000000	2.567350e+016	1.360846e-074
216.800000	0.714203	-5.565797	0.000000	2.723504e+016	1.245712e-074
216.900000	0.711904	-5.568096	0.000000	2.888965e+016	1.140319e-074
217.000000	0.709606	-5.570394	0.000000	3.064272e+016	1.043842e-074
217.100000	0.707308	-5.572692	0.000000	3.249996e+016	9.555269e-075
217.200000	0.705009	-5.574991	0.000000	3.446740e+016	8.746839e-075
217.300000	0.702711	-5.577289	0.000000	3.655141e+016	8.006804e-075
217.400000	0.700412	-5.579588	0.000000	3.875870e+016	7.329378e-075
217.500000	0.698114	-5.581886	0.000000	4.109639e+016	6.709265e-075
217.600000	0.695815	-5.584185	0.000000	4.357196e+016	6.141615e-075
217.700000	0.693517	-5.586483	0.000000	4.619334e+016	5.621991e-075
217.800000	0.691218	-5.588782	0.000000	4.896888e+016	5.146328e-075
217.900000	0.688920	-5.591080	0.000000	5.190740e+016	4.710908e-075
218.000000	0.686622	-5.593378	0.000000	5.501821e+016	4.312326e-075
218.100000	0.684323	-5.595677	0.000000	5.831114e+016	3.947466e-075
218.200000	0.682025	-5.597975	0.000000	6.179655e+016	3.613474e-075
218.300000	0.679726	-5.600274	0.000000	6.548541e+016	3.307740e-075
218.400000	0.677427	-5.602573	0.000000	6.938924e+016	3.027872e-075
218.500000	0.675129	-5.604871	0.000000	7.352023e+016	2.771682e-075
218.600000	0.672830	-5.607170	0.000000	7.789123e+016	2.537166e-075
218.700000	0.670532	-5.609468	0.000000	8.251579e+016	2.322492e-075
218.800000	0.668233	-5.611767	0.000000	8.740822e+016	2.125981e-075
218.900000	0.665935	-5.614065	0.000000	9.258358e+016	1.946095e-075
219.000000	0.663636	-5.616364	0.000000	9.805778e+016	1.781429e-075
219.100000	0.661337	-5.618663	0.000000	1.038476e+017	1.630694e-075
219.200000	0.659039	-5.620961	0.000000	1.099707e+017	1.492713e-075
219.300000	0.656740	-5.623260	0.000000	1.164457e+017	1.366405e-075
219.400000	0.654441	-5.625559	0.000000	1.232922e+017	1.250784e-075
219.500000	0.652142	-5.627858	0.000000	1.305310e+017	1.144946e-075
219.600000	0.649844	-5.630156	0.000000	1.381839e+017	1.048062e-075
219.700000	0.647545	-5.632455	0.000000	1.462738e+017	9.593749e-076
219.800000	0.645246	-5.634754	0.000000	1.548250e+017	8.781917e-076
219.900000	0.642947	-5.637053	0.000000	1.638631e+017	8.038772e-076
220.000000	0.640648	-5.639352	0.000000	1.734148e+017	7.358505e-076
220.100000	0.638349	-5.641651	0.000000	1.835086e+017	6.735794e-076
220.200000	0.636050	-5.643950	0.000000	1.941743e+017	6.165771e-076
220.300000	0.633751	-5.646249	0.000000	2.054432e+017	5.643977e-076
220.400000	0.631452	-5.648548	0.000000	2.173486e+017	5.166333e-076
220.500000	0.629153	-5.650847	0.000000	2.299252e+017	4.729103e-076
220.600000	0.626854	-5.653146	0.000000	2.432098e+017	4.328868e-076
220.700000	0.624555	-5.655445	0.000000	2.572409e+017	3.962498e-076
220.800000	0.622255	-5.657745	0.000000	2.720592e+017	3.627127e-076
220.900000	0.619956	-5.660044	0.000000	2.877075e+017	3.320134e-076
221.000000	0.617657	-5.662343	0.000000	3.042310e+017	3.039117e-076
221.100000	0.615357	-5.664643	0.000000	3.216769e+017	2.781878e-076
221.200000	0.613058	-5.666942	0.000000	3.400951e+017	2.546406e-076
221.300000	0.610758	-5.669242	0.000000	3.595382e+017	2.330859e-076
221.400000	0.608458	-5.671542	0.000000	3.800614e+017	2.133551e-076
221.500000	0.606159	-5.673841	0.000000	4.017227e+017	1.952939e-076
221.600000	0.603859	-5.676141	0.000000	4.245833e+017	1.787611e-076
221.700000	0.601559	-5.678441	0.000000	4.487073e+017	1.636273e-076
221.800000	0.599259	-5.680741	0.000000	4.741625e+017	1.497742e-076
221.900000	0.596959	-5.683041	0.000000	5.010197e+017	1.370934e-076
222.000000	0.594658	-5.685342	0.000000	5.293538e+017	1.254857e-076
222.100000	0.592358	-5.687642	0.000000	5.592433e+017	1.148603e-076
222.200000	0.590058	-5.689942	0.000000	5.907708e+017	1.051342e-076
222.300000	0.587757	-5.692243	0.000000	6.240230e+017	9.623116e-077
222.400000	0.585456	-5.694544	0.000000	6.590911e+017	8.808161e-077
222.500000	0.583155	-5.696845	0.000000	6.960710e+017	8.062179e-077
222.600000	0.580854	-5.699146	0.000000	7.350634e+017	7.379333e-077
222.700000	0.578553	-5.701447	0.000000	7.761742e+017	6.754283e-077
222.800000	0.576252	-5.703748	0.000000	8.195144e+017	6.182136e-077
222.900000	0.573950	-5.706050	0.000000	8.652010e+017	5.658418e-077
223.000000	0.571649	-5.708351	0.000000	9.133564e+017	5.179029e-077
223.100000	0.569347	-5.710653	0.000000	9.641096e+017	4.740219e-077
223.200000	0.567045	-5.712955	0.000000	1.017596e+018	4.338555e-077
223.300000	0.564742	-5.715258	0.000000	1.073957e+018	3.970893e-077
223.400000	0.562440	-5.717560	0.000000	1.133342e+018	3.634355e-077
223.500000	0.560137	-5.719863	0.000000	1.195909e+018	3.326309e-077
223.600000	0.557834	-5.722166	0.000000	1.261820e+018	3.044343e-077
223.700000	0.555531	-5.724469	0.000000	1.331248e+018	2.786250e-077
223.800000	0.553227	-5.726773	0.000000	1.404376e+018	2.550009e-077
223.900000	0.550923	-5.729077	0.000000	1.481391e+018	2.333772e-077
224.000000	0.548619	-5.731381	0.000000	1.562494e+018	2.135846e-077
224.100000	0.546315	-5.733685	0.000000	1.647894e+018	1.954681e-077
224.200000	0.544010	-5.735990	0.000000	1.737810e+018	1.788858e-077
224.300000	0.541704	-5.738296	0.000000	1.832472e+018	1.637080e-077
224.400000	0.539399	-5.740601	0.000000	1.932122e+018	1.498157e-077
224.500000	0.537093	-5.742907	0.000000	2.037011e+018	1.371001e-077
224.600000	0.534786	-5.745214	0.000000	2.147406e+018	1.254616e-077
224.700000	0.532479	-5.747521	0.000000	2.263585e+018	1.148092e-077
224.800000	0.530172	-5.749828	0.000000	2.385839e+018	1.050592e-077
224.900000	0.527864	-5.752136	0.000000	2.514473e+018	9.613537e-078
225.000000	0.525555	-5.754445	0.000000	2.649809e+018	8.796773e-078
225.100000	0.523246	-5.756754	0.000000	2.792181e+018	8.049226e-078
225.200000	0.520937	-5.759063	0.000000	2.941942e+018	7.365036e-078
225.300000	0.518627	-5.761373	0.000000	3.099459e+018	6.738842e-078
225.400000	0.516316	-5.763684	0.000000	3.265119e+018	6.165731e-078
225.500000	0.514004	-5.765996	0.000000	3.439327e+018	5.641210e-078
225.600000	0.511692	-5.768308	0.000000	3.622505e+018	5.161165e-078
225.700000	0.509379	-5.770621	0.000000	3.815097e+018	4.721830e-078
225.800000	0.507065	-5.772935	0.000000	4.017568e+018	4.319758e-078
225.900000	0.504750	-5.775250	0.000000	4.230404e+018	3.951793e-078
226.000000	0.502434	-5.777566	0.000000	4.454114e+018	3.615047e-078
226.100000	0.500118	-5.779882	0.000000	4.689231e+018	3.306875e-078
226.200000	0.497800	-5.782200	0.000000	4.936312e+018	3.024858e-078
226.300000	0.495481	-5.784519	0.000000	5.195941e+018	2.766780e-078
226.400000	0.493161	-5.786839	0.000000	5.468729e+018	2.530614e-078
226.500000	0.490841	-5.789159	0.000000	5.755315e+018	2.314502e-078
226.600000	0.488518	-5.791482	0.000000	6.056368e+018	2.116747e-078
226.700000	0.486195	-5.793805	0.000000	6.372586e+018	1.935792e-078
226.800000	0.483870	-5.796130	0.000000	6.704702e+018	1.770214e-078
226.900000	0.481544	-5.798456	0.000000	7.053479e+018	1.618710e-078
227.000000	0.479216	-5.800784	0.000000	7.419718e+018	1.480087e-078
227.100000	0.476887	-5.803113	0.000000	7.804255e+018	1.353253e-078
227.200000	0.474556	-5.805444	0.000000	8.207964e+018	1.237209e-078
227.300000	0.472223	-5.807777	0.000000	8.631759e+018	1.131040e-078
227.400000	0.469888	-5.810112	0.000000	9.076594e+018	1.033909e-078
227.500000	0.467552	-5.812448	0.000000	9.543467e+018	9.450489e-079
227.600000	0.465213	-5.814787	0.000000	1.003342e+019	8.637584e-079
227.700000	0.462873	-5.817127	0.000000	1.054755e+019	7.893955e-079
227.800000	0.460530	-5.819470	0.000000	1.108698e+019	7.213724e-079
227.900000	0.458185	-5.821815	0.000000	1.165291e+019	6.591511e-079
228.000000	0.455837	-5.824163	0.000000	1.224658e+019	6.022392e-079
228.100000	0.453487	-5.826513	0.000000	1.286928e+019	5.501860e-079
228.200000	0.451133	-5.828867	0.000000	1.352237e+019	5.025789e-079
228.300000	0.448777	-5.831223	0.000000	1.420726e+019	4.590405e-079
228.400000	0.446418	-5.833582	0.000000	1.492543e+019	4.192250e-079
228.500000	0.444056	-5.835944	0.000000	1.567841e+019	3.828162e-079
228.600000	0.441691	-5.838309	0.000000	1.646780e+019	3.495245e-079
228.700000	0.439322	-5.840678	0.000000	1.729530e+019	3.190851e-079
228.800000	0.436949	-5.843051	0.000000	1.816263e+019	2.912553e-079
228.900000	0.434572	-5.845428	0.000000	1.907163e+019	2.658133e-079
229.000000	0.432192	-5.847808	0.000000	2.002419e+019	2.425559e-079
229.100000	0.429807	-5.850193	0.000000	2.102231e+019	2.212970e-079
229.200000	0.427418	-5.852582	0.000000	2.206804e+019	2.018667e-079
229.300000	0.425024	-5.854976	0.000000	2.316355e+019	1.841092e-079
229.400000	0.422625	-5.857375	0.000000	2.431107e+019	1.678819e-079
229.500000	0.420220	-5.859780	0.000000	2.551295e+019	1.530544e-079
229.600000	0.417811	-5.862189	0.000000	2.677163e+019	1.395073e-079
229.700000	0.415396	-5.864604	0.000000	2.808964e+019	1.271315e-079
229.800000	0.412974	-5.867026	0.000000	2.946965e+019	1.158269e-079
229.900000	0.410547	-5.869453	0.000000	3.091439e+019	1.055020e-079
230.000000	-0.407947	-5.459447	0.000000	2.675207e+019	7.444735e-073
230.100000	-0.405026	-5.456526	0.000000	2.778880e+019	8.329877e-073
230.200000	-0.402111	-5.453611	0.000000	2.882975e+019	9.318173e-073
230.300000	-0.399202	-5.450702	0.000000	2.987392e+019	1.042131e-072
230.400000	-0.396300	-5.447800	0.000000	3.092035e+019	1.165223e-072
230.500000	-0.393403	-5.444903	0.000000	3.196807e+019	1.302530e-072
230.600000	-0.390514	-5.442014	0.000000	3.301612e+019	1.455643e-072
230.700000	-0.387631	-5.439131	0.000000	3.406358e+019	1.626322e-072
230.800000	-0.384755	-5.436255	0.000000	3.510951e+019	1.816515e-072
230.900000	-0.381887	-5.433387	0.000000	3.615301e+019	2.028377e-072
231.000000	-0.379026	-5.430526	0.000000	3.719321e+019	2.264289e-072
231.100000	-0.376174	-5.427674	0.000000	3.822922e+019	2.526883e-072
231.200000	-0.373329	-5.424829	0.000000	3.926021e+019	2.819062e-072
231.300000	-0.370492	-5.421992	0.000000	4.028535e+019	3.144032e-072
231.400000	-0.367664	-5.419164	0.000000	4.130382e+019	3.505325e-072
231.500000	-0.364844	-5.416344	0.000000	4.231485e+019	3.906837e-072
231.600000	-0.362034	-5.413534	0.000000	4.331766e+019	4.352856e-072
231.700000	-0.359232	-5.410732	0.000000	4.431151e+019	4.848104e-072
231.800000	-0.356440	-5.407940	0.000000	4.529568e+019	5.397772e-072
231.900000	-0.353657	-5.405157	0.000000	4.626947e+019	6.007570e-072
232.000000	-0.350884	-5.402384	0.000000	4.723221e+019	6.683767e-072
232.100000	-0.348120	-5.399620	0.000000	4.818324e+019	7.433248e-072
232.200000	-0.345367	-5.396867	0.000000	4.912194e+019	8.263566e-072
232.300000	-0.342624	-5.394124	0.000000	5.004771e+019	9.183000e-072
232.400000	-0.339892	-5.391392	0.000000	5.095995e+019	1.020062e-071
232.500000	-0.337170	-5.388670	0.000000	5.185812e+019	1.132637e-071
232.600000	-0.334459	-5.385959	0.000000	5.274168e+019	1.257110e-071
232.700000	-0.331759	-5.383259	0.000000	5.361013e+019	1.394670e-071
232.800000	-0.329070	-5.380570	0.000000	5.446298e+019	1.546615e-071
232.900000	-0.326393	-5.377893	0.000000	5.529978e+019	1.714362e-071
233.000000	-0.323727	-5.375227	0.000000	5.612007e+019	1.899458e-071
233.100000	-0.321073	-5.372573	0.000000	5.692347e+019	2.103587e-071
233.200000	-0.318431	-5.369931	0.000000	5.770957e+019	2.328585e-071
233.300000	-0.315801	-5.367301	0.000000	5.847801e+019	2.576453e-071
233.400000	-0.313184	-5.364684	0.000000	5.922846e+019	2.849363e-071
233.500000	-0.310578	-5.362078	0.000000	5.996060e+019	3.149678e-071
233.600000	-0.307985	-5.359485	0.000000	6.067413e+019	3.479966e-071
233.700000	-0.305405	-5.356905	0.000000	6.136878e+019	3.843012e-071
233.800000	-0.302838	-5.354338	0.000000	6.204430e+019	4.241835e-071
233.900000	-0.300284	-5.351784	0.000000	6.270047e+019	4.679711e-071
234.000000	-0.297743	-5.349243	0.000000	6.333708e+019	5.160182e-071
234.100000	-0.295215	-5.346715	0.000000	6.395395e+019	5.687083e-071
234.200000	-0.292700	-5.344200	0.000000	6.455092e+019	6.264559e-071
234.300000	-0.290199	-5.341699	0.000000	6.512784e+019	6.897088e-071
234.400000	-0.287712	-5.339212	0.000000	6.568460e+019	7.589503e-071
234.500000	-0.285239	-5.336739	0.000000	6.622109e+019	8.347017e-071
234.600000	-0.282779	-5.334279	0.000000	6.673723e+019	9.175246e-071
234.700000	-0.280333	-5.331833	0.000000	6.723297e+019	1.008024e-070
234.800000	-0.277901	-5.329401	0.000000	6.770825e+019	1.106850e-070
234.900000	-0.275484	-5.326984	0.000000	6.816305e+019	1.214703e-070
235.000000	-0.273081	-5.324581	0.000000	6.859736e+019	1.332334e-070
235.100000	-0.270692	-5.322192	0.000000	6.901120e+019	1.460550e-070
235.200000	-0.268317	-5.319817	0.000000	6.940458e+019	1.600215e-070
235.300000	-0.265957	-5.317457	0.000000	6.977755e+019	1.752256e-070
235.400000	-0.263612	-5.315112	0.000000	7.013017e+019	1.917665e-070
235.500000	-0.261281	-5.312781	0.000000	7.046251e+019	2.097505e-070
235.600000	-0.258965	-5.310465	0.000000	7.077465e+019	2.292909e-070
235.700000	-0.256664	-5.308164	0.000000	7.106670e+019	2.505089e-070
235.800000	-0.254378	-5.305878	0.000000	7.133878e+019	2.735339e-070
235.900000	-0.252107	-5.303607	0.000000	7.159101e+019	2.985036e-070
236.000000	-0.249851	-5.301351	0.000000	7.182353e+019	3.255651e-070
236.100000	-0.247609	-5.299109	0.000000	7.203650e+019	3.548747e-070
236.200000	-0.245383	-5.296883	0.000000	7.223008e+019	3.865987e-070
236.300000	-0.243172	-5.294672	0.000000	7.240445e+019	4.209138e-070
236.400000	-0.240976	-5.292476	0.000000	7.255979e+019	4.580077e-070
236.500000	-0.238795	-5.290295	0.000000	7.269631e+019	4.980797e-070
236.600000	-0.236630	-5.288130	0.000000	7.281420e+019	5.413407e-070
236.700000	-0.234480	-5.285980	0.000000	7.291368e+019	5.880145e-070
236.800000	-0.232345	-5.283845	0.000000	7.299498e+019	6.383376e-070
236.900000	-0.230225	-5.281725	0.000000	7.305834e+019	6.925604e-070
237.000000	-0.228121	-5.279621	0.000000	7.310398e+019	7.509473e-070
237.100000	-0.226031	-5.277531	0.000000	7.313216e+019	8.137776e-070
237.200000	-0.223958	-5.275458	0.000000	7.314314e+019	8.813457e-070
237.300000	-0.221899	-5.273399	0.000000	7.313716e+019	9.539623e-070
237.400000	-0.219856	-5.271356	0.000000	7.311451e+019	1.031954e-069
237.500000	-0.217828	-5.269328	0.000000	7.307546e+019	1.115666e-069
237.600000	-0.215815	-5.267315	0.000000	7.302027e+019	1.205458e-069
237.700000	-0.213818	-5.265318	0.000000	7.294924e+019	1.301713e-069
237.800000	-0.211836	-5.263336	0.000000	7.286265e+019	1.404827e-069
237.900000	-0.209869	-5.261369	0.000000	7.276079e+019	1.515221e-069
238.000000	-0.207917	-5.259417	0.000000	7.264396e+019	1.633334e-069
238.100000	-0.205981	-5.257481	0.000000	7.251245e+019	1.759623e-069
238.200000	-0.204060	-5.255560	0.000000	7.236656e+019	1.894572e-069
238.300000	-0.202154	-5.253654	0.000000	7.220660e+019	2.038682e-069
238.400000	-0.200263	-5.251763	0.000000	7.203288e+019	2.192479e-069
238.500000	-0.198387	-5.249887	0.000000	7.184569e+019	2.356512e-069
238.600000	-0.196526	-5.248026	0.000000	7.164535e+019	2.531352e-069
238.700000	-0.194680	-5.246180	0.000000	7.143216e+019	2.717597e-069
238.800000	-0.192849	-5.244349	0.000000	7.120645e+019	2.915868e-069
238.900000	-0.191033	-5.242533	0.000000	7.096851e+019	3.126812e-069
239.000000	-0.189232	-5.240732	0.000000	7.071866e+019	3.351102e-069
239.100000	-0.187446	-5.238946	0.000000	7.045721e+019	3.589436e-069
239.200000	-0.185674	-5.237174	0.000000	7.018447e+019	3.842541e-069
239.300000	-0.183917	-5.235417	0.000000	6.990075e+019	4.111170e-069
239.400000	-0.182175	-5.233675	0.000000	6.960637e+019	4.396105e-069
239.500000	-0.180447	-5.231947	0.000000	6.930162e+019	4.698155e-069
239.600000	-0.178734	-5.230234	0.000000	6.898683e+019	5.018158e-069
239.700000	-0.177035	-5.228535	0.000000	6.866229e+019	5.356982e-069
239.800000	-0.175351	-5.226851	0.000000	6.832831e+019	5.715523e-069
239.900000	-0.173681	-5.225181	0.000000	6.798519e+019	6.094709e-069
240.000000	-0.172025	-5.223525	0.000000	6.763324e+019	6.495495e-069
240.100000	-0.170383	-5.221883	0.000000	6.727275e+019	6.918870e-069
240.200000	-0.168755	-5.220255	0.000000	6.690402e+019	7.365850e-069
240.300000	-0.167142	-5.218642	0.000000	6.652734e+019	7.837485e-069
240.400000	-0.165542	-5.217042	0.000000	6.614300e+019	8.334855e-069
240.500000	-0.163956	-5.215456	0.000000	6.575129e+019	8.859069e-069
240.600000	-0.162384	-5.213884	0.000000	6.535251e+019	9.411272e-069
240.700000	-0.160826	-5.212326	0.000000	6.494692e+019	9.992637e-069
240.800000	-0.159281	-5.210781	0.000000	6.453481e+019	1.060437e-068
240.900000	-0.157749	-5.209249	0.000000	6.411646e+019	1.124771e-068
241.000000	-0.156231	-5.207731	0.000000	6.369213e+019	1.192392e-068
241.100000	-0.154727	-5.206227	0.000000	6.326210e+019	1.263431e-068
241.200000	-0.153235	-5.204735	0.000000	6.282663e+019	1.338020e-068
241.300000	-0.151757	-5.203257	0.000000	6.238599e+019	1.416297e-068
241.400000	-0.150292	-5.201792	0.000000	6.194043e+019	1.498400e-068
241.500000	-0.148840	-5.200340	0.000000	6.149020e+019	1.584473e-068
241.600000	-0.147401	-5.198901	0.000000	6.103556e+019	1.674661e-068
241.700000	-0.145974	-5.197474	0.000000	6.057675e+019	1.769113e-068
241.800000	-0.144560	-5.196060	0.000000	6.011402e+019	1.867982e-068
241.900000	-0.143159	-5.194659	0.000000	5.964759e+019	1.971421e-068
242.000000	-0.141770	-5.193270	0.000000	5.917772e+019	2.079590e-068
242.100000	-0.140394	-5.191894	0.000000	5.870462e+019	2.192650e-068
242.200000	-0.139029	-5.190529	0.000000	5.822852e+019	2.310764e-068
242.300000	-0.137677	-5.189177	0.000000	5.774964e+019	2.434099e-068
242.400000	-0.136338	-5.187838	0.000000	5.726821e+019	2.562826e-068
242.500000	-0.135010	-5.186510	0.000000	5.678443e+019	2.697117e-068
242.600000	-0.133694	-5.185194	0.000000	5.629851e+019	2.837147e-068
242.700000	-0.132389	-5.183889	0.000000	5.581066e+019	2.983096e-068
242.800000	-0.131097	-5.182597	0.000000	5.532107e+019	3.135144e-068
242.900000	-0.129816	-5.181316	0.000000	5.482995e+019	3.293476e-068
243.000000	-0.128546	-5.180046	0.000000	5.433748e+019	3.458276e-068
243.100000	-0.127288	-5.178788	0.000000	5.384386e+019	3.629736e-068
243.200000	-0.126041	-5.177541	0.000000	5.334925e+019	3.808045e-068
243.300000	-0.124806	-5.176306	0.000000	5.285386e+019	3.993399e-068
243.400000	-0.123581	-5.175081	0.000000	5.235784e+019	4.185993e-068
243.500000	-0.122367	-5.173867	0.000000	5.186136e+019	4.386027e-068
243.600000	-0.121165	-5.172665	0.000000	5.136461e+019	4.593702e-068
243.700000	-0.119972	-5.171472	0.000000	5.086773e+019	4.809222e-068
243.800000	-0.118791	-5.170291	0.000000	5.037088e+019	5.032792e-068
243.900000	-0.117620	-5.169120	0.000000	4.987422e+019	5.264621e-068
244.000000	-0.116460	-5.167960	0.000000	4.937790e+019	5.504918e-068
244.100000	-0.115310	-5.166810	0.000000	4.888206e+019	5.753897e-068
244.200000	-0.114170	-5.165670	0.000000	4.838685e+019	6.011770e-068
244.300000	-0.113040	-5.164540	0.000000	4.789240e+019	6.278754e-068
244.400000	-0.111920	-5.163420	0.000000	4.739884e+019	6.555069e-068
244.500000	-0.110810	-5.162310	0.000000	4.690631e+019	6.840932e-068
244.600000	-0.109710	-5.161210	0.000000	4.641493e+019	7.136568e-068
244.700000	-0.108620	-5.160120	0.000000	4.592482e+019	7.442199e-068
244.800000	-0.107539	-5.159039	0.000000	4.543611e+019	7.758050e-068
244.900000	-0.106468	-5.157968	0.000000	4.494890e+019	8.084349e-068
245.000000	-0.105406	-5.156906	0.000000	4.446331e+019	8.421325e-068
245.100000	-0.104354	-5.155854	0.000000	4.397944e+019	8.769209e-068
245.200000	-0.103311	-5.154811	0.000000	4.349740e+019	9.128231e-068
245.300000	-0.102277	-5.153777	0.000000	4.301728e+019	9.498626e-068
245.400000	-0.101251	-5.152751	0.000000	4.253919e+019	9.880630e-068
245.500000	-0.100235	-5.151735	0.000000	4.206322e+019	1.027448e-067
245.600000	-0.099228	-5.150728	0.000000	4.158945e+019	1.068041e-067
245.700000	-0.098229	-5.149729	0.000000	4.111798e+019	1.109866e-067
245.800000	-0.097239	-5.148739	0.000000	4.064888e+019	1.152947e-067
245.900000	-0.096257	-5.147757	0.000000	4.018224e+019	1.197309e-067
246.000000	-0.095284	-5.146784	0.000000	3.971814e+019	1.242976e-067
246.100000	-0.094319	-5.145819	0.000000	3.925664e+019	1.289972e-067
246.200000	-0.093362	-5.144862	0.000000	3.879782e+019	1.338323e-067
246.300000	-0.092414	-5.143914	0.000000	3.834174e+019	1.388051e-067
246.400000	-0.091473	-5.142973	0.000000	3.788847e+019	1.439184e-067
246.500000	-0.090541	-5.142041	0.000000	3.743808e+019	1.491745e-067
246.600000	-0.089616	-5.141116	0.000000	3.699062e+019	1.545760e-067
246.700000	-0.088699	-5.140199	0.000000	3.654614e+019	1.601254e-067
246.800000	-0.087789	-5.139289	0.000000	3.610470e+019	1.658252e-067
246.900000	-0.086887	-5.138387	0.000000	3.566636e+019	1.716780e-067
247.000000	-0.085993	-5.137493	0.000000	3.523116e+019	1.776864e-067
247.100000	-0.085106	-5.136606	0.000000	3.479914e+019	1.838529e-067
247.200000	-0.084226	-5.135726	0.000000	3.437035e+019	1.901802e-067
247.300000	-0.083354	-5.134854	0.000000	3.394483e+019	1.966708e-067
247.400000	-0.082488	-5.133988	0.000000	3.352261e+019	2.033273e-067
247.500000	-0.081630	-5.133130	0.000000	3.310375e+019	2.101525e-067
247.600000	-0.080778	-5.132278	0.000000	3.268825e+019	2.171489e-067
247.700000	-0.079934	-5.131434	0.000000	3.227617e+019	2.243191e-067
247.800000	-0.079096	-5.130596	0.000000	3.186753e+019	2.316660e-067
247.900000	-0.078265	-5.129765	0.000000	3.146235e+019	2.391921e-067
248.000000	-0.077440	-5.128940	0.000000	3.106066e+019	2.469002e-067
248.100000	-0.076622	-5.128122	0.000000	3.066249e+019	2.547929e-067
248.200000	-0.075810	-5.127310	0.000000	3.026785e+019	2.628731e-067
248.300000	-0.075005	-5.126505	0.000000	2.987677e+019	2.711435e-067
248.400000	-0.074206	-5.125706	0.000000	2.948926e+019	2.796069e-067
248.500000	-0.073413	-5.124913	0.000000	2.910534e+019	2.882660e-067
248.600000	-0.072626	-5.124126	0.000000	2.872501e+019	2.971236e-067
248.700000	-0.071845	-5.123345	0.000000	2.834830e+019	3.061826e-067
248.800000	-0.071070	-5.122570	0.000000	2.797522e+019	3.154458e-067
248.900000	-0.070301	-5.121801	0.000000	2.760576e+019	3.249161e-067
249.000000	-0.069538	-5.121038	0.000000	2.723995e+019	3.345964e-067
249.100000	-0.068780	-5.120280	0.000000	2.687778e+019	3.444896e-067
249.200000	-0.068028	-5.119528	0.000000	2.651926e+019	3.545985e-067
249.300000	-0.067282	-5.118782	0.000000	2.616440e+019	3.649262e-067
249.400000	-0.066541	-5.118041	0.000000	2.581318e+019	3.754756e-067
249.500000	-0.065805	-5.117305	0.000000	2.546562e+019	3.862497e-067
249.600000	-0.065075	-5.116575	0.000000	2.512172e+019	3.972515e-067
249.700000	-0.064350	-5.115850	0.000000	2.478146e+019	4.084841e-067
249.800000	-0.063630	-5.115130	0.000000	2.444484e+019	4.199506e-067
249.900000	-0.062915	-5.114415	0.000000	2.411187e+019	4.316540e-067
250.000000	-0.062206	-5.113706	0.000000	2.378253e+019	4.435974e-067
250.100000	-0.061501	-5.113001	0.000000	2.345682e+019	4.557841e-067
250.200000	-0.060801	-5.112301	0.000000	2.313472e+019	4.682171e-067
250.300000	-0.060106	-5.111606	0.000000	2.281623e+019	4.808998e-067
250.400000	-0.059416	-5.110916	0.000000	2.250134e+019	4.938353e-067
250.500000	-0.058731	-5.110231	0.000000	2.219004e+019	5.070269e-067
250.600000	-0.058050	-5.109550	0.000000	2.188231e+019	5.204779e-067
250.700000	-0.057374	-5.108874	0.000000	2.157814e+019	5.341917e-067
250.800000	-0.056702	-5.108202	0.000000	2.127752e+019	5.481716e-067
250.900000	-0.056035	-5.107535	0.000000	2.098043e+019	5.624210e-067
251.000000	-0.055372	-5.106872	0.000000	2.068686e+019	5.769434e-067
251.100000	-0.054714	-5.106214	0.000000	2.039678e+019	5.917423e-067
251.200000	-0.054060	-5.105560	0.000000	2.011018e+019	6.068211e-067
251.300000	-0.053410	-5.104910	0.000000	1.982705e+019	6.221835e-067
251.400000	-0.052764	-5.104264	0.000000	1.954736e+019	6.378329e-067
251.500000	-0.052122	-5.103622	0.000000	1.927110e+019	6.537732e-067
251.600000	-0.051484	-5.102984	0.000000	1.899824e+019	6.700078e-067
251.700000	-0.050850	-5.102350	0.000000	1.872877e+019	6.865407e-067
251.800000	-0.050220	-5.101720	0.000000	1.846266e+019	7.033754e-067
251.900000	-0.049594	-5.101094	0.000000	1.819989e+019	7.205159e-067
252.000000	-0.048972	-5.100472	0.000000	1.794044e+019	7.379660e-067
252.100000	-0.048354	-5.099854	0.000000	1.768428e+019	7.557295e-067
252.200000	-0.047739	-5.099239	0.000000	1.743140e+019	7.738105e-067
252.300000	-0.047128	-5.098628	0.000000	1.718177e+019	7.922130e-067
252.400000	-0.046521	-5.098021	0.000000	1.693536e+019	8.109409e-067
252.500000	-0.045917	-5.097417	0.000000	1.669215e+019	8.299984e-067
252.600000	-0.045316	-5.096816	0.000000	1.645212e+019	8.493897e-067
252.700000	-0.044719	-5.096219	0.000000	1.621524e+019	8.691189e-067
252.800000	-0.044126	-5.095626	0.000000	1.598148e+019	8.891903e-067
252.900000	-0.043535	-5.095035	0.000000	1.575082e+019	9.096082e-067
253.000000	-0.042948	-5.094448	0.000000	1.552324e+019	9.303770e-067
253.100000	-0.042365	-5.093865	0.000000	1.529870e+019	9.515011e-067
253.200000	-0.041784	-5.093284	0.000000	1.507718e+019	9.729851e-067
253.300000	-0.041207	-5.092707	0.000000	1.485866e+019	9.948334e-067
253.400000	-0.040632	-5.092132	0.000000	1.464310e+019	1.017051e-066
253.500000	-0.040061	-5.091561	0.000000	1.443048e+019	1.039642e-066
253.600000	-0.039493	-5.090993	0.000000	1.422077e+019	1.062611e-066
253.700000	-0.038928	-5.090428	0.000000	1.401394e+019	1.085963e-066
253.800000	-0.038366	-5.089866	0.000000	1.380997e+019	1.109704e-066
253.900000	-0.037806	-5.089306	0.000000	1.360883e+019	1.133837e-066
254.000000	-0.037250	-5.088750	0.000000	1.341048e+019	1.158369e-066
254.100000	-0.036696	-5.088196	0.000000	1.321491e+019	1.183303e-066
254.200000	-0.036145	-5.087645	0.000000	1.302208e+019	1.208646e-066
254.300000	-0.035597	-5.087097	0.000000	1.283196e+019	1.234402e-066
254.400000	-0.035051	-5.086551	0.000000	1.264454e+019	1.260576e-066
254.500000	-0.034508	-5.086008	0.000000	1.245977e+019	1.287175e-066
254.600000	-0.033968	-5.085468	0.000000	1.227763e+019	1.314203e-066
254.700000	-0.033430	-5.084930	0.000000	1.209809e+019	1.341666e-066
254.800000	-0.032895	-5.084395	0.000000	1.192112e+019	1.369569e-066
254.900000	-0.032362	-5.083862	0.000000	1.174670e+019	1.397919e-066
255.000000	-0.031832	-5.083332	0.000000	1.157480e+019	1.426721e-066
255.100000	-0.031304	-5.082804	0.000000	1.140538e+019	1.455980e-066
255.200000	-0.030779	-5.082279	0.000000	1.123842e+019	1.485703e-066
255.300000	-0.030256	-5.081756	0.000000	1.107389e+019	1.515896e-066
255.400000	-0.029735	-5.081235	0.000000	1.091177e+019	1.546565e-066
255.500000	-0.029217	-5.080717	0.000000	1.075202e+019	1.577715e-066
255.600000	-0.028700	-5.080200	0.000000	1.059461e+019	1.609354e-066
255.700000	-0.028186	-5.079686	0.000000	1.043953e+019	1.641487e-066
255.800000	-0.027674	-5.079174	0.000000	1.028674e+019	1.674121e-066
255.900000	-0.027165	-5.078665	0.000000	1.013620e+019	1.707262e-066
256.000000	-0.026657	-5.078157	0.000000	9.987906e+018	1.740917e-066
256.100000	-0.026152	-5.077652	0.000000	9.841817e+018	1.775094e-066
256.200000	-0.025648	-5.077148	0.000000	9.697907e+018	1.809797e-066
256.300000	-0.025147	-5.076647	0.000000	9.556149e+018	1.845036e-066
256.400000	-0.024648	-5.076148	0.000000	9.416517e+018	1.880815e-066
256.500000	-0.024150	-5.075650	0.000000	9.278984e+018	1.917143e-066
256.600000	-0.023655	-5.075155	0.000000	9.143521e+018	1.954027e-066
256.700000	-0.023161	-5.074661	0.000000	9.010103e+018	1.991474e-066
256.800000	-0.022670	-5.074170	0.000000	8.878702e+018	2.029492e-066
256.900000	-0.022180	-5.073680	0.000000	8.749294e+018	2.068087e-066
257.000000	-0.021692	-5.073192	0.000000	8.621850e+018	2.107268e-066
257.100000	-0.021206	-5.072706	0.000000	8.496345e+018	2.147042e-066
257.200000	-0.020721	-5.072221	0.000000	8.372754e+018	2.187418e-066
257.300000	-0.020239	-5.071739	0.000000	8.251049e+018	2.228402e-066
257.400000	-0.019758	-5.071258	0.000000	8.131207e+018	2.270004e-066
257.500000	-0.019278	-5.070778	0.000000	8.013201e+018	2.312231e-066
257.600000	-0.018801	-5.070301	0.000000	7.897006e+018	2.355092e-066
257.700000	-0.018325	-5.069825	0.000000	7.782597e+018	2.398594e-066
257.800000	-0.017851	-5.069351	0.000000	7.669950e+018	2.442747e-066
257.900000	-0.017378	-5.068878	0.000000	7.559040e+018	2.487560e-066
258.000000	-0.016907	-5.068407	0.000000	7.449842e+018	2.533040e-066
258.100000	-0.016438	-5.067938	0.000000	7.342333e+018	2.579197e-066
258.200000	-0.015970	-5.067470	0.000000	7.236489e+018	2.626041e-066
258.300000	-0.015503	-5.067003	0.000000	7.132285e+018	2.673579e-066
258.400000	-0.015038	-5.066538	0.000000	7.029698e+018	2.721821e-066
258.500000	-0.014575	-5.066075	0.000000	6.928705e+018	2.770777e-066
258.600000	-0.014113	-5.065613	0.000000	6.829284e+018	2.820457e-066
258.700000	-0.013652	-5.065152	0.000000	6.731410e+018	2.870869e-066
258.800000	-0.013193	-5.064693	0.000000	6.635062e+018	2.922025e-066
258.900000	-0.012735	-5.064235	0.000000	6.540216e+018	2.973932e-066
259.000000	-0.012279	-5.063779	0.000000	6.446852e+018	3.026603e-066
259.100000	-0.011823	-5.063323	0.000000	6.354946e+018	3.080047e-066
259.200000	-0.011370	-5.062870	0.000000	6.264478e+018	3.134274e-066
259.300000	-0.010917	-5.062417	0.000000	6.175425e+018	3.189295e-066
259.400000	-0.010466	-5.061966	0.000000	6.087767e+018	3.245120e-066
259.500000	-0.010016	-5.061516	0.000000	6.001483e+018	3.301761e-066
259.600000	-0.009567	-5.061067	0.000000	5.916551e+018	3.359229e-066
259.700000	-0.009120	-5.060620	0.000000	5.832951e+018	3.417534e-066
259.800000	-0.008674	-5.060174	0.000000	5.750663e+018	3.476687e-066
259.900000	-0.008229	-5.059729	0.000000	5.669666e+018	3.536701e-066
260.000000	-0.007785	-5.059285	0.000000	5.589942e+018	3.597586e-066
265.000000	0.012913	-5.038587	0.000000	2.869058e+018	7.975240e-066
270.000000	0.032110	-5.019390	0.000000	1.572195e+018	1.668803e-065
275.000000	0.050485	-5.001015	0.000000	8.925355e+017	3.383200e-065
280.000000	0.068392	-4.983108	0.000000	5.071718e+017	6.736758e-065
285.000000	0.086035	-4.965465	0.000000	2.829927e+017	1.327830e-064
290.000000	0.103529	-4.947971	0.000000	1.543064e+017	2.602321e-064
295.000000	0.120943	-4.930557	0.000000	8.245160e+016	5.084297e-064
300.000000	0.138313	-4.913187	0.000000	4.340359e+016	9.917003e-064
305.000000	0.155661	-4.895839	0.000000	2.262406e+016	1.932639e-063
310.000000	0.172997	-4.878503	0.000000	1.172187e+016	3.764639e-063
315.000000	0.190326	-4.861174	0.000000	6.051860e+015	7.331511e-063
320.000000	0.207653	-4.843847	0.000000	3.118094e+015	1.427614e-062
325.000000	0.224978	-4.826522	0.000000	1.604576e+015	2.779718e-062
330.000000	0.242302	-4.809198	0.000000	8.251028e+014	5.412237e-062
335.000000	0.259626	-4.791874	0.000000	4.240861e+014	1.053769e-061
340.000000	0.276949	-4.774551	0.000000	2.179086e+014	2.051685e-061
345.000000	0.294273	-4.757227	0.000000	1.119484e+014	3.994605e-061
350.000000	0.311596	-4.739904	0.000000	5.750634e+013	7.777430e-061
355.000000	0.328919	-4.722581	0.000000	2.953840e+013	1.514251e-060
360.000000	0.346243	-4.705257	0.000000	1.517202e+013	2.948216e-060
365.000000	0.363566	-4.687934	0.000000	7.792766e+012	5.740114e-060
370.000000	0.380889	-4.670611	0.000000	4.002538e+012	1.117588e-059
375.000000	0.398212	-4.653288	0.000000	2.055781e+012	2.175920e-059
380.000000	0.415536	-4.635964	0.000000	1.055886e+012	4.236471e-059
385.000000	0.432859	-4.618641	0.000000	5.423214e+011	8.248318e-059
390.000000	0.450182	-4.601318	0.000000	2.785454e+011	1.605930e-058
395.000000	0.467505	-4.583995	0.000000	1.430656e+011	3.126711e-058
400.000000	0.484828	-4.566672	0.000000	7.348083e+010	6.087639e-058
405.000000	0.502152	-4.549348	0.000000	3.774097e+010	1.185250e-057
410.000000	0.519475	-4.532025	0.000000	1.938438e+010	2.307657e-057
415.000000	0.536798	-4.514702	0.000000	9.956137e+009	4.492959e-057
420.000000	0.554121	-4.497379	0.000000	5.113635e+009	8.747695e-057
425.000000	0.571445	-4.480055	0.000000	2.626447e+009	1.703157e-056
430.000000	0.588768	-4.462732	0.000000	1.348987e+009	3.316011e-056
435.000000	0.606091	-4.445409	0.000000	6.928618e+008	6.456203e-056
440.000000	0.623414	-4.428086	0.000000	3.558652e+008	1.257009e-055
445.000000	0.640738	-4.410762	0.000000	1.827781e+008	2.447369e-055
450.000000	0.658061	-4.393439	0.000000	9.387774e+007	4.764976e-055
455.000000	0.675384	-4.376116	0.000000	4.821724e+007	9.277305e-055
460.000000	0.692707	-4.358793	0.000000	2.476525e+007	1.806271e-054
465.000000	0.710031	-4.341469	0.000000	1.271984e+007	3.516772e-054
470.000000	0.727354	-4.324146	0.000000	6.533233e+006	6.847080e-054
475.000000	0.744677	-4.306823	0.000000	3.355958e+006	1.333112e-053
480.000000	0.762000	-4.289500	0.000000	1.724152e+006	2.595540e-053
485.000000	0.779324	-4.272176	0.000000	8.858267e+005	5.053461e-053
490.000000	0.796647	-4.254853	0.000000	4.549527e+005	9.838980e-053
495.000000	0.813970	-4.237530	0.000000	2.335068e+005	1.915628e-052
500.000000	0.831293	-4.220207	0.000000	1.198155e+005	3.729687e-052
505.000000	0.848617	-4.202883	0.000000	6.152691e+004	7.261621e-052
510.000000	0.865940	-4.185560	0.000000	3.163418e+004	1.413822e-051
515.000000	0.883263	-4.168237	0.000000	1.624829e+004	2.752681e-051
520.000000	0.900586	-4.150914	0.000000	8.284399e+003	5.359412e-051
525.000000	0.917910	-4.133590	0.000000	4.151985e+003	1.043466e-050
530.000000	0.935233	-4.116267	0.000000	2.022945e+003	2.031606e-050
535.000000	0.952556	-4.098944	0.000000	9.485875e+002	3.955493e-050
540.000000	0.969879	-4.081621	0.000000	4.247835e+002	7.701261e-050
545.000000	0.987203	-4.064297	0.000000	1.807157e+002	1.499419e-049
550.000000	1.004526	-4.046974	0.000000	7.282133e+001	2.919337e-049
555.000000	1.021849	-4.029651	0.000000	2.775687e+001	5.683886e-049
560.000000	1.039172	-4.012328	0.000000	1.000557e+001	1.106640e-048
565.000000	1.056496	-3.995004	0.000000	3.412760e+000	2.154605e-048
570.000000	1.073819	-3.977681	0.000000	1.102533e+000	4.194970e-048
575.000000	1.091142	-3.960358	0.000000	3.377872e-001	8.167517e-048
580.000000	1.108465	-3.943035	0.000000	9.827935e-002	1.590198e-047
585.000000	1.125789	-3.925711	0.000000	2.719404e-002	3.096082e-047
590.000000	1.143112	-3.908388	0.000000	7.166444e-003	6.028005e-047
595.000000	1.160435	-3.891065	0.000000	1.801217e-003	1.173640e-046
600.000000	1.177758	-3.873742	0.000000	4.323688e-004	2.285051e-046
605.000000	1.195082	-3.856418	0.000000	9.925180e-005	4.448946e-046
610.000000	1.212405	-3.839095	0.000000	2.181533e-005	8.662002e-046
615.000000	1.229728	-3.821772	0.000000	4.596654e-006	1.686473e-045
620.000000	1.247051	-3.804449	0.000000	9.295420e-007	3.283527e-045
625.000000	1.264375	-3.787125	0.000000	1.805965e-007	6.392957e-045
630.000000	1.281698	-3.769802	0.000000	3.374458e-008	1.244695e-044
635.000000	1.299021	-3.752479	0.000000	6.069770e-009	2.423395e-044
640.000000	1.316344	-3.735156	0.000000	1.051989e-009	4.718298e-044
645.000000	1.333668	-3.717832	0.000000	1.758324e-010	9.186424e-044
650.000000	1.350991	-3.700509	0.000000	2.836569e-011	1.788577e-043
655.000000	1.368314	-3.683186	0.000000	4.420141e-012	3.482321e-043
660.000000	1.385637	-3.665863	0.000000	6.658131e-013	6.780005e-043
665.000000	1.402961	-3.648539	0.000000	9.701786e-014	1.320052e-042
670.000000	1.420284	-3.631216	0.000000	1.368453e-014	2.570114e-042
675.000000	1.437607	-3.613893	0.000000	1.869688e-015	5.003957e-042
680.000000	1.454930	-3.596570	0.000000	2.475937e-016	9.742597e-042
685.000000	1.472254	-3.579246	0.000000	3.179800e-017	1.896863e-041
690.000000	1.489577	-3.561923	0.000000	3.962756e-018	3.693151e-041
695.000000	1.506900	-3.544600	0.000000	4.794792e-019	7.190486e-041
700.000000	1.524223	-3.527277	0.000000	5.635664e-020	1.399972e-040
705.000000	1.541547	-3.509953	0.000000	6.437873e-021	2.725716e-040
710.000000	1.558870	-3.492630	0.000000	7.151091e-022	5.306911e-040
715.000000	1.576193	-3.475307	0.000000	7.727475e-023	1.033244e-039
720.000000	1.593516	-3.457984	0.000000	8.127063e-024	2.011704e-039
725.000000	1.610840	-3.440660	0.000000	8.322402e-025	3.916745e-039
730.000000	1.628163	-3.423337	0.000000	8.301648e-026	7.625819e-039
735.000000	1.645486	-3.406014	0.000000	8.069675e-027	1.484731e-038
740.000000	1.662809	-3.388691	0.000000	7.647037e-028	2.890739e-038
745.000000	1.680133	-3.371367	0.000000	7.067073e-029	5.628206e-038
750.000000	1.697456	-3.354044	0.000000	6.371676e-030	1.095800e-037
755.000000	1.714779	-3.336721	0.000000	5.606462e-031	2.133499e-037
760.000000	1.732102	-3.319398	0.000000	4.816082e-032	4.153876e-037
765.000000	1.749426	-3.302074	0.000000	4.040290e-033	8.087508e-037
770.000000	1.766749	-3.284751	0.000000	3.311194e-034	1.574620e-036
775.000000	1.784072	-3.267428	0.000000	2.651829e-035	3.065752e-036
780.000000	1.801395	-3.250105	0.000000	2.075998e-036	5.968954e-036
785.000000	1.818719	-3.232781	0.000000	1.589120e-037	1.162143e-035
790.000000	1.836042	-3.215458	0.000000	1.189758e-038	2.262667e-035
795.000000	1.853365	-3.198135	0.000000	8.714723e-040	4.405364e-035
800.000000	1.870688	-3.180812	0.000000	6.246823e-041	8.577148e-035
805.000000	1.888011	-3.163489	0.000000	4.383182e-042	1.669952e-034
810.000000	1.905335	-3.146165	0.000000	3.011313e-043	3.251362e-034
815.000000	1.922658	-3.128842	0.000000	2.026127e-044	6.330331e-034
820.000000	1.939981	-3.111519	0.000000	1.335449e-045	1.232502e-033
825.000000	1.957304	-3.094196	0.000000	8.624636e-047	2.399655e-033
830.000000	1.974628	-3.076872	0.000000	5.458928e-048	4.672077e-033
835.000000	1.991951	-3.059549	0.000000	3.387077e-049	9.096434e-033
840.000000	2.009274	-3.042226	0.000000	2.060579e-050	1.771056e-032
845.000000	2.026597	-3.024903	0.000000	1.229400e-051	3.448208e-032
850.000000	2.043921	-3.007579	0.000000	7.194957e-053	6.713588e-032
855.000000	2.061244	-2.990256	0.000000	4.131262e-054	1.307121e-031
860.000000	2.078567	-2.972933	0.000000	2.327791e-055	2.544937e-031
865.000000	2.095890	-2.955610	0.000000	1.287351e-056	4.954938e-031
870.000000	2.113214	-2.938286	0.000000	6.989150e-058	9.647158e-031
875.000000	2.130537	-2.920963	0.000000	3.725698e-059	1.878281e-030
880.000000	2.147860	-2.903640	0.000000	1.950412e-060	3.656973e-030
885.000000	2.165183	-2.886317	0.000000	1.002901e-061	7.120048e-030
890.000000	2.182507	-2.868993	0.000000	5.066161e-063	1.386258e-029
895.000000	2.199830	-2.851670	0.000000	2.514569e-064	2.699015e-029
900.000000	2.217153	-2.834347	0.000000	1.226549e-065	5.254924e-029
905.000000	2.234476	-2.817024	0.000000	5.880501e-067	1.023122e-028
910.000000	2.251800	-2.799700	0.000000	2.771545e-068	1.991997e-028
915.000000	2.269123	-2.782377	0.000000	1.284330e-069	3.878376e-028
920.000000	2.286446	-2.765054	0.000000	5.852551e-071	7.551116e-028
925.000000	2.303769	-2.747731	0.000000	2.622975e-072	1.470186e-027
930.000000	2.321093	-2.730407	0.000000	1.156346e-073	2.862421e-027
935.000000	2.338416	-2.713084	0.000000	5.015221e-075	5.573072e-027
940.000000	2.355739	-2.695761	0.000000	2.140242e-076	1.085065e-026
945.000000	2.373062	-2.678438	0.000000	8.988092e-078	2.112599e-026
950.000000	2.390386	-2.661114	0.000000	3.715043e-079	4.113184e-026
955.000000	2.407709	-2.643791	0.000000	1.511511e-080	8.008282e-026
960.000000	2.425032	-2.626468	0.000000	6.054337e-082	1.559195e-025
965.000000	2.442355	-2.609145	0.000000	2.387744e-083	3.035720e-025
970.000000	2.459679	-2.591821	0.000000	9.273198e-085	5.910482e-025
975.000000	2.477002	-2.574498	0.000000	3.546895e-086	1.150758e-024
980.000000	2.494325	-2.557175	0.000000	1.336277e-087	2.240501e-024
985.000000	2.511648	-2.539852	0.000000	4.959393e-089	4.362208e-024
990.000000	2.528972	-2.522528	0.000000	1.813408e-090	8.493126e-024
995.000000	2.546295	-2.505205	0.000000	6.533488e-092	1.653593e-023
1000.000000	2.563618	-2.487882	0.000000	2.319717e-093	3.219511e-023
1005.000000	2.580941	-2.470559	0.000000	8.117233e-095	6.268319e-023
1010.000000	2.598265	-2.453235	0.000000	2.799744e-096	1.220428e-022
1015.000000	2.615588	-2.435912	0.000000	9.519549e-098	2.376148e-022
1020.000000	2.632911	-2.418589	0.000000	3.191156e-099	4.626309e-022
1025.000000	2.650234	-2.401266	0.000000	1.054732e-100	9.007324e-022
1030.000000	2.667558	-2.383942	0.000000	3.437711e-102	1.753707e-021
1035.000000	2.684881	-2.366619	0.000000	1.104960e-103	3.414429e-021
1040.000000	2.702204	-2.349296	0.000000	3.502869e-105	6.647821e-021
1045.000000	2.719527	-2.331973	0.000000	1.095553e-106	1.294317e-020
1050.000000	2.736851	-2.314649	0.000000	3.379315e-108	2.520007e-020
1055.000000	2.754174	-2.297326	0.000000	1.028782e-109	4.906399e-020
1060.000000	2.771497	-2.280003	0.000000	3.089280e-111	9.552653e-020
1065.000000	2.788820	-2.262680	0.000000	9.153226e-113	1.859881e-019
1070.000000	2.806144	-2.245356	0.000000	2.677527e-114	3.621149e-019
1075.000000	2.823467	-2.228033	0.000000	7.731284e-116	7.050299e-019
1080.000000	2.840790	-2.210710	0.000000	2.203644e-117	1.372678e-018
1085.000000	2.858113	-2.193387	0.000000	6.208620e-119	2.672575e-018
1090.000000	2.875437	-2.176063	0.000000	1.726718e-120	5.203446e-018
1095.000000	2.892760	-2.158740	0.000000	4.737337e-122	1.013100e-017
1100.000000	2.910083	-2.141417	0.000000	1.276601e-123	1.972484e-017
1105.000000	2.927406	-2.124094	0.000000	3.442675e-125	3.840384e-017
1110.000000	2.944730	-2.106770	0.000000	9.014260e-127	7.477144e-017
1115.000000	2.962053	-2.089447	0.000000	2.381085e-128	1.455784e-016
1120.000000	2.979376	-2.072124	0.000000	6.194505e-130	2.834380e-016
1125.000000	2.996699	-2.054801	0.000000	1.623799e-131	5.518478e-016
1130.000000	3.014023	-2.037477	0.000000	4.442445e-133	1.074436e-015
1135.000000	3.031346	-2.020154	0.000000	1.189197e-134	2.091904e-015
1140.000000	3.048669	-2.002831	0.000000	4.133848e-136	4.072891e-015
1145.000000	3.065992	-1.985508	0.000000	7.402334e-138	7.929832e-015
1150.000000	3.083316	-1.968184	0.000000	2.404793e-139	1.543921e-014
1155.000000	3.100639	-1.950861	0.000000	5.295354e-141	3.005982e-014
1160.000000	3.117962	-1.933538	0.000000	1.316028e-142	5.852582e-014
1165.000000	3.135285	-1.916215	0.000000	2.850682e-144	1.139485e-013
1170.000000	3.152609	-1.898891	0.000000	4.678303e-145	2.218553e-013
1175.000000	3.169932	-1.881568	0.000000	1.339202e-147	4.319476e-013
1180.000000	3.187255	-1.864245	0.000000	1.504215e-148	8.409927e-013
1185.000000	3.204578	-1.846922	0.000000	1.430360e-150	1.637395e-012
1190.000000	3.221902	-1.829598	0.000000	1.259823e-152	3.187973e-012
1195.000000	3.239225	-1.812275	0.000000	9.071452e-153	6.206914e-012
1200.000000	3.256548	-1.794952	0.000000	3.136688e-154	1.208473e-011
1205.000000	3.273871	-1.777629	0.000000	1.939069e-155	2.352871e-011
1210.000000	3.291194	-1.760306	0.000000	1.478409e-157	4.580989e-011
1215.000000	3.308518	-1.742982	0.000000	8.106613e-159	8.919088e-011
1220.000000	3.325841	-1.725659	0.000000	6.087385e-161	1.736527e-010
1225.000000	3.343164	-1.708336	0.000000	1.971021e-161	3.380982e-010
1230.000000	3.360487	-1.691013	0.000000	6.864900e-164	6.582699e-010
1235.000000	3.377811	-1.673689	0.000000	1.676239e-166	1.281637e-009
1240.000000	3.395134	-1.656366	0.000000	3.717436e-166	2.495320e-009
1245.000000	3.412457	-1.639043	0.000000	2.329297e-168	4.858335e-009
1250.000000	3.429780	-1.621720	0.000000	2.525653e-169	9.459075e-009
1255.000000	3.447104	-1.604396	0.000000	8.836426e-171	1.841662e-008
1260.000000	3.464427	-1.587073	0.000000	7.806498e-174	3.585676e-008
1265.000000	3.481750	-1.569750	0.000000	7.796833e-175	6.981234e-008
1270.000000	3.499073	-1.552427	0.000000	2.717690e-175	1.359231e-007
1275.000000	3.516397	-1.535103	0.000000	2.230904e-181	2.646394e-007
1280.000000	3.533720	-1.517780	0.000000	6.272857e-180	5.152473e-007
1285.000000	3.551043	-1.500457	0.000000	4.081572e-183	1.003175e-006
1290.000000	3.568366	-1.483134	0.000000	8.480561e-184	1.953161e-006
1295.000000	3.585690	-1.465810	0.000000	4.707791e-184	3.802763e-006
1300.000000	3.603013	-1.448487	0.000000	4.916253e-185	7.403898e-006
1305.000000	3.620336	-1.431164	0.000000	1.056469e-187	1.441523e-005
1310.000000	3.637659	-1.413841	0.000000	7.067371e-190	2.806615e-005
1315.000000	3.654983	-1.396517	0.000000	1.612628e-190	5.464418e-005
1320.000000	3.672306	-1.379194	0.000000	4.116195e-193	1.063911e-004
1325.000000	3.689629	-1.361871	0.000000	8.546783e-194	2.071411e-004
1330.000000	3.706952	-1.344548	0.000000	5.529390e-196	4.032993e-004
1335.000000	3.724276	-1.327224	0.000000	8.092031e-198	7.852151e-004
1340.000000	3.741599	-1.309901	0.000000	2.134020e-198	1.528797e-003
1345.000000	3.758922	-1.292578	0.000000	3.561071e-200	2.976535e-003
1350.000000	3.776245	-1.275255	0.000000	2.224734e-201	5.795250e-003
1355.000000	3.793569	-1.257931	0.000000	1.890493e-203	1.128323e-002
1360.000000	3.810892	-1.240608	0.000000	7.533637e-206	2.196820e-002
1365.000000	3.828215	-1.223285	0.000000	4.963856e-207	4.277162e-002
1370.000000	3.845538	-1.205962	0.000000	8.941987e-209	8.327543e-002
1375.000000	3.862862	-1.188638	0.000000	1.510282e-210	1.621355e-001
1380.000000	3.880185	-1.171315	0.000000	2.930050e-211	3.156743e-001
1385.000000	3.897508	-1.153992	0.000000	1.327035e-213	6.146111e-001
1390.000000	3.914831	-1.136669	0.000000	5.220789e-215	1.196635e+000
1395.000000	3.932155	-1.119345	0.000000	3.614873e-216	2.329822e+000
1400.000000	3.949478	-1.102022	0.000000	4.289472e-218	4.536114e+000
1405.000000	3.966801	-1.084699	0.000000	1.452848e-218	8.831716e+000
1410.000000	3.984124	-1.067376	0.000000	1.412040e-220	1.719516e+001
1415.000000	4.001448	-1.050052	0.000000	1.819793e-222	3.347861e+001
1420.000000	4.018771	-1.032729	0.000000	2.894949e-221	6.518214e+001
1425.000000	4.036094	-1.015406	0.000000	1.738127e-223	1.269082e+002
1430.000000	4.053417	-0.998083	0.000000	8.964820e-225	2.470876e+002
1435.000000	4.070741	-0.980759	0.000000	1.780860e-225	4.810743e+002
1440.000000	4.088064	-0.963436	0.000000	4.343021e-227	9.366413e+002
1445.000000	4.105387	-0.946113	0.000000	1.124628e-229	1.823621e+003
1450.000000	4.122710	-0.928790	0.000000	4.578344e-229	3.550550e+003
1455.000000	4.140034	-0.911466	0.000000	2.023508e-233	6.912845e+003
1460.000000	4.157357	-0.894143	0.000000	2.585433e-234	1.345916e+004
1465.000000	4.174680	-0.876820	0.000000	2.235682e-235	2.620470e+004
1470.000000	4.192003	-0.859497	0.000000	3.871140e-237	5.101999e+004
1475.000000	4.209327	-0.842173	0.000000	8.923366e-238	9.933483e+004
1480.000000	4.226650	-0.824850	0.000000	1.155955e-236	1.934028e+005
1485.000000	4.243973	-0.807527	0.000000	2.002827e-240	3.765511e+005
1490.000000	4.261296	-0.790204	0.000000	9.130227e-242	7.331369e+005
1495.000000	4.278620	-0.772880	0.000000	5.825160e-243	1.427402e+006
1500.000000	4.295943	-0.755557	0.000000	1.045642e-244	2.779121e+006
1505.000000	4.313266	-0.738234	0.000000	2.390501e-244	5.410889e+006
1510.000000	4.330589	-0.720911	0.000000	2.981259e-249	1.053488e+007
1515.000000	4.347913	-0.703587	0.000000	7.694700e-247	2.051119e+007
1520.000000	4.365236	-0.686264	0.000000	9.536983e-249	3.993486e+007
1525.000000	4.382559	-0.668941	0.000000	1.632846e-252	7.775231e+007
1530.000000	4.399882	-0.651618	0.000000	2.385833e-253	1.513821e+008
1535.000000	4.417206	-0.634294	0.000000	4.126016e-255	2.947377e+008
1540.000000	4.434529	-0.616971	0.000000	9.290861e-255	5.738479e+008
1545.000000	4.451852	-0.599648	0.000000	9.958298e-259	1.117270e+009
1550.000000	4.469175	-0.582325	0.000000	1.969620e-258	2.175300e+009
1555.000000	4.486499	-0.565001	0.000000	9.372968e-260	4.235263e+009
1560.000000	4.503822	-0.547678	0.000000	1.024093e-262	8.245966e+009
1565.000000	4.521145	-0.530355	0.000000	2.372803e-263	1.605472e+010
1570.000000	4.538468	-0.513032	0.000000	3.861747e-262	3.125819e+010
1575.000000	4.555792	-0.495708	0.000000	8.612508e-265	6.085903e+010
1580.000000	4.573115	-0.478385	0.000000	8.032216e-266	1.184912e+011
1585.000000	4.590438	-0.461062	0.000000	3.981292e-271	2.306999e+011
1590.000000	4.607761	-0.443739	0.000000	3.971137e-269	4.491678e+011
1595.000000	4.625085	-0.426415	0.000000	2.677858e-273	8.745200e+011
1600.000000	4.642408	-0.409092	0.000000	5.320492e-273	1.702672e+012
1605.000000	4.659731	-0.391769	0.000000	2.296618e-273	3.315066e+012
1610.000000	4.677054	-0.374446	0.000000	2.247826e-275	6.454363e+012
1615.000000	4.694378	-0.357122	0.000000	1.194047e-276	1.256651e+013
1620.000000	4.711701	-0.339799	0.000000	3.236781e-277	2.446674e+013
1625.000000	4.729024	-0.322476	0.000000	2.251735e-280	4.763626e+013
1630.000000	4.746347	-0.305153	0.000000	1.215786e-281	9.274697e+013
1635.000000	4.763671	-0.287829	0.000000	1.639608e-284	1.805771e+014
1640.000000	4.780994	-0.270506	0.000000	2.684146e-283	3.515823e+014
1645.000000	4.798318	-0.253182	0.000000	2.447911e-285	6.845331e+014
1650.000000	4.815642	-0.235858	0.000000	7.743556e-287	1.332809e+015
1655.000000	4.832966	-0.218534	0.000000	1.430639e-288	2.595094e+015
1660.000000	4.850292	-0.201208	0.000000	7.142368e-290	5.053135e+015
1665.000000	4.867621	-0.183879	0.000000	6.620060e-295	9.840401e+015
1670.000000	4.884955	-0.166545	0.000000	5.092713e-293	1.916685e+016
1675.000000	4.902299	-0.149201	0.000000	1.048107e-294	3.734704e+016
1680.000000	4.919662	-0.131838	0.000000	1.730067e-296	7.282625e+016
1685.000000	4.937064	-0.114436	0.000000	7.598868e-298	1.422185e+017
1690.000000	4.954540	-0.096960	0.000000	2.785314e-298	2.785267e+017
1695.000000	4.972161	-0.079339	0.000000	4.105487e-299	5.485440e+017
1700.000000	4.990070	-0.061430	0.000000	7.238695e-301	1.092318e+018
1705.000000	5.008550	-0.042950	0.000000	3.336304e-302	2.223473e+018
1710.000000	5.028193	-0.023307	0.000000	3.567946e-306	4.733072e+018
1715.000000	5.050312	-0.001188	0.000000	2.267434e-305	1.108185e+019
1720.000000	5.078228	0.026728	0.000000	8.058639e-307	3.242760e+019
1725.000000	5.123108	0.071608	0.000000	8.707199e-311	1.822096e+020
1730.000000	5.781247	-0.049953	0.000000	1.696991e-309	1.698498e+018
1740.000000	5.721766	-0.109434	0.000000	4.968113e-313	1.723893e+017
1750.000000	5.662649	-0.168551	0.000000	1.928923e-315	1.774376e+016
1760.000000	5.603570	-0.227630	0.000000	5.892721e-320	1.828976e+015
1770.000000	5.544495	-0.286705	0.000000	1.482197e-323	1.885537e+014
1780.000000	5.485420	-0.345780	0.000000	9.881313e-324	1.943876e+013
1790.000000	5.426345	-0.404855	0.000000	0.000000e+000	2.004024e+012
1800.000000	5.367270	-0.463930	0.000000	0.000000e+000	2.066033e+011
1810.000000	5.308195	-0.523005	0.000000	0.000000e+000	2.129961e+010
1820.000000	5.249120	-0.582080	0.000000	0.000000e+000	2.195867e+009
1830.000000	5.190045	-0.641155	0.000000	0.000000e+000	2.263812e+008
1840.000000	5.130970	-0.700230	0.000000	0.000000e+000	2.333859e+007
1850.000000	5.071895	-0.759305	0.000000	0.000000e+000	2.406074e+006
1860.000000	5.012820	-0.818380	0.000000	0.000000e+000	2.480524e+005
1870.000000	4.953745	-0.877455	0.000000	0.000000e+000	2.557277e+004
1880.000000	4.894671	-0.936529	0.000000	0.000000e+000	2.636405e+003
1890.000000	4.835596	-0.995604	0.000000	0.000000e+000	2.717981e+002
1900.000000	4.776521	-1.054679	0.000000	0.000000e+000	2.802082e+001
1910.000000	4.717446	-1.113754	0.000000	0.000000e+000	2.888785e+000
1920.000000	4.658371	-1.172829	0.000000	0.000000e+000	2.978170e-001
1930.000000	4.599296	-1.231904	0.000000	0.000000e+000	3.070322e-002
1940.000000	4.540221	-1.290979	0.000000	0.000000e+000	3.165325e-003
1950.000000	4.481146	-1.350054	0.000000	0.000000e+000	3.263267e-004
1960.000000	4.422071	-1.409129	0.000000	0.000000e+000	3.364240e-005
1970.000000	4.362996	-1.468204	0.000000	0.000000e+000	3.468337e-006
1980.000000	4.303921	-1.527279	0.000000	0.000000e+000	3.575656e-007
1990.000000	4.244847	-1.586353	0.000000	0.000000e+000	3.686295e-008
2000.000000	4.185772	-1.645428	0.000000	0.000000e+000	3.800357e-009
2010.000000	4.126697	-1.704503	0.000000	0.000000e+000	3.917949e-010
2020.000000	4.067622	-1.763578	0.000000	0.000000e+000	4.039179e-011
2030.000000	4.008547	-1.822653	0.000000	0.000000e+000	4.164161e-012
2040.000000	3.949472	-1.881728	0.000000	0.000000e+000	4.293010e-013
2050.000000	3.890397	-1.940803	0.000000	0.000000e+000	4.425845e-014
2060.000000	3.831322	-1.999878	0.000000	0.000000e+000	4.562791e-015
2070.000000	3.772247	-2.058953	0.000000	0.000000e+000	4.703974e-016
2080.000000	3.713172	-2.118028	0.000000	0.000000e+000	4.849526e-017
2090.000000	3.654097	-2.177103	0.000000	0.000000e+000	4.999582e-018
2100.000000	3.595023	-2.236177	0.000000	0.000000e+000	5.154280e-019
2110.000000	3.535948	-2.295252	0.000000	0.000000e+000	5.313765e-020
2120.000000	3.476873	-2.354327	0.000000	0.000000e+000	5.478185e-021
2130.000000	3.417798	-2.413402	0.000000	0.000000e+000	5.647693e-022
2140.000000	3.358723	-2.472477	0.000000	0.000000e+000	5.822446e-023
2150.000000	3.299648	-2.531552	0.000000	0.000000e+000	6.002606e-024
2160.000000	3.240573	-2.590627	0.000000	0.000000e+000	6.188340e-025
2170.000000	3.181498	-2.649702	0.000000	0.000000e+000	6.379822e-026
2180.000000	3.122423	-2.708777	0.000000	0.000000e+000	6.577228e-027
2190.000000	3.063348	-2.767852	0.000000	0.000000e+000	6.780742e-028
2200.000000	3.004273	-2.826927	0.000000	0.000000e+000	6.990554e-029
2210.000000	2.945199	-2.886001	0.000000	0.000000e+000	7.206858e-030
2220.000000	2.886124	-2.945076	0.000000	0.000000e+000	7.429855e-031
2230.000000	2.827049	-3.004151	0.000000	0.000000e+000	7.659752e-032
2240.000000	2.767974	-3.063226	0.000000	0.000000e+000	7.896762e-033
2250.000000	2.708899	-3.122301	0.000000	0.000000e+000	8.141106e-034
2260.000000	2.649824	-3.181376	0.000000	0.000000e+000	8.393010e-035
2270.000000	2.590749	-3.240451	0.000000	0.000000e+000	8.652710e-036
2280.000000	2.531674	-3.299526	0.000000	0.000000e+000	8.920444e-037
2290.000000	2.472599	-3.358601	0.000000	0.000000e+000	9.196463e-038
2300.000000	2.413524	-3.417676	0.000000	0.000000e+000	9.481023e-039
2310.000000	2.354449	-3.476751	0.000000	0.000000e+000	9.774388e-040
2320.000000	2.295375	-3.535825	0.000000	0.000000e+000	1.007683e-040
2330.000000	2.236300	-3.594900	0.000000	0.000000e+000	1.038863e-041
2340.000000	2.177225	-3.653975	0.000000	0.000000e+000	1.071008e-042
2350.000000	2.118150	-3.713050	0.000000	0.000000e+000	1.104147e-043
2360.000000	2.059075	-3.772125	0.000000	0.000000e+000	1.138312e-044
2370.000000	2.000000	-3.831200	0.000000	0.000000e+000	1.173534e-045
