x	Ec	Ev	Ef	n	p
0.000000	2.500000	-3.223500	0.000000	5.748130e-006	1.660711e-035
5.000000	2.388016	-3.335484	0.000000	2.472649e-005	2.237444e-037
10.000000	2.279200	-3.444300	0.000000	1.437351e-005	3.405089e-039
15.000000	2.173552	-3.549948	0.000000	1.157723e-005	5.853600e-041
20.000000	2.071072	-3.652428	0.000000	3.347479e-005	1.136674e-042
25.000000	1.971760	-3.751740	0.000000	5.157251e-007	2.493256e-044
30.000000	1.875616	-3.847884	0.000000	1.695228e-007	6.177546e-046
35.000000	1.782640	-3.940860	0.000000	4.708092e-005	1.728954e-047
40.000000	1.692833	-4.030667	0.000000	1.196367e-005	5.465992e-049
45.000000	1.606193	-4.117307	0.000000	1.426205e-004	1.951969e-050
50.000000	1.522722	-4.200778	0.000000	1.831166e-003	7.873990e-052
55.000000	1.442418	-4.281082	0.000000	2.100569e-002	3.587857e-053
60.000000	1.365283	-4.358217	0.000000	2.160761e-001	1.846688e-054
65.000000	1.291315	-4.432185	0.000000	1.992468e+000	1.073669e-055
70.000000	1.220516	-4.502984	0.000000	1.649527e+001	7.051235e-057
75.000000	1.152885	-4.570615	0.000000	1.228792e+002	5.230922e-058
80.000000	1.088422	-4.635078	0.000000	8.259666e+002	4.383385e-059
85.000000	1.027127	-4.696373	0.000000	5.025072e+003	4.149150e-060
90.000000	0.969000	-4.754500	0.000000	2.775196e+004	4.436361e-061
95.000000	0.914041	-4.809459	0.000000	1.394672e+005	5.358125e-062
100.000000	0.862250	-4.861250	0.000000	6.388580e+005	7.309994e-063
105.000000	0.813627	-4.909873	0.000000	2.669782e+006	1.126521e-063
110.000000	0.768172	-4.955328	0.000000	1.018125e+007	1.961011e-064
115.000000	0.725886	-4.997614	0.000000	3.542690e+007	3.856016e-065
120.000000	0.686767	-5.036733	0.000000	1.124490e+008	8.564772e-066
125.000000	0.650817	-5.072683	0.000000	3.254910e+008	2.148874e-066
130.000000	0.618034	-5.105466	0.000000	8.589393e+008	6.090101e-067
135.000000	0.588420	-5.135080	0.000000	2.065940e+009	1.949648e-067
140.000000	0.561973	-5.161527	0.000000	4.528033e+009	7.050274e-068
145.000000	0.538695	-5.184805	0.000000	9.041824e+009	2.879878e-068
150.000000	0.518585	-5.204915	0.000000	1.644704e+010	1.328802e-068
155.000000	0.501643	-5.221857	0.000000	2.724872e+010	6.925720e-069
160.000000	0.487869	-5.235631	0.000000	4.111338e+010	4.077441e-069
165.000000	0.477263	-5.246237	0.000000	5.648870e+010	2.711618e-069
170.000000	0.469825	-5.253675	0.000000	7.067414e+010	2.036985e-069
175.000000	0.465555	-5.257945	0.000000	8.053595e+010	1.728483e-069
180.000000	0.464453	-5.259047	0.000000	8.390151e+010	1.656764e-069
185.000000	0.466519	-5.256981	0.000000	8.312085e+010	1.793802e-069
190.000000	0.471753	-5.251747	0.000000	1.079257e+011	2.193848e-069
190.100000	0.471858	-5.251642	0.000000	1.098738e+011	2.202699e-069
190.200000	0.471963	-5.251537	0.000000	1.119258e+011	2.211586e-069
190.300000	0.472068	-5.251432	0.000000	1.140868e+011	2.220508e-069
190.400000	0.472172	-5.251328	0.000000	1.163619e+011	2.229467e-069
190.500000	0.472277	-5.251223	0.000000	1.187566e+011	2.238462e-069
190.600000	0.472382	-5.251118	0.000000	1.212765e+011	2.247493e-069
190.700000	0.472486	-5.251014	0.000000	1.239278e+011	2.256560e-069
190.800000	0.472591	-5.250909	0.000000	1.267165e+011	2.265664e-069
190.900000	0.472696	-5.250804	0.000000	1.296494e+011	2.274805e-069
191.000000	0.472800	-5.250700	0.000000	1.327333e+011	2.283983e-069
191.100000	0.472905	-5.250595	0.000000	1.359753e+011	2.293198e-069
191.200000	0.473010	-5.250490	0.000000	1.393831e+011	2.302450e-069
191.300000	0.473114	-5.250386	0.000000	1.429645e+011	2.311739e-069
191.400000	0.473219	-5.250281	0.000000	1.467278e+011	2.321066e-069
191.500000	0.473324	-5.250176	0.000000	1.506817e+011	2.330430e-069
191.600000	0.473428	-5.250072	0.000000	1.548353e+011	2.339832e-069
191.700000	0.473533	-5.249967	0.000000	1.591981e+011	2.349272e-069
191.800000	0.473638	-5.249862	0.000000	1.637801e+011	2.358750e-069
191.900000	0.473743	-5.249757	0.000000	1.685917e+011	2.368267e-069
192.000000	0.473847	-5.249653	0.000000	1.736438e+011	2.377822e-069
192.100000	0.473952	-5.249548	0.000000	1.789480e+011	2.387415e-069
192.200000	0.474057	-5.249443	0.000000	1.845163e+011	2.397047e-069
192.300000	0.474161	-5.249339	0.000000	1.903612e+011	2.406718e-069
192.400000	0.474266	-5.249234	0.000000	1.964959e+011	2.416428e-069
192.500000	0.474371	-5.249129	0.000000	2.029343e+011	2.426177e-069
192.600000	0.474475	-5.249025	0.000000	2.096907e+011	2.435965e-069
192.700000	0.474580	-5.248920	0.000000	2.167805e+011	2.445793e-069
192.800000	0.474685	-5.248815	0.000000	2.242194e+011	2.455661e-069
192.900000	0.474789	-5.248711	0.000000	2.320241e+011	2.465568e-069
193.000000	0.474894	-5.248606	0.000000	2.402120e+011	2.475516e-069
193.100000	0.474999	-5.248501	0.000000	2.488015e+011	2.485503e-069
193.200000	0.475103	-5.248397	0.000000	2.578115e+011	2.495531e-069
193.300000	0.475208	-5.248292	0.000000	2.672623e+011	2.505599e-069
193.400000	0.475313	-5.248187	0.000000	2.771748e+011	2.515708e-069
193.500000	0.475417	-5.248083	0.000000	2.875710e+011	2.525858e-069
193.600000	0.475522	-5.247978	0.000000	2.984739e+011	2.536048e-069
193.700000	0.475627	-5.247873	0.000000	3.099078e+011	2.546280e-069
193.800000	0.475732	-5.247768	0.000000	3.218979e+011	2.556553e-069
193.900000	0.475836	-5.247664	0.000000	3.344709e+011	2.566867e-069
194.000000	0.475941	-5.247559	0.000000	3.476543e+011	2.577223e-069
194.100000	0.476046	-5.247454	0.000000	3.614775e+011	2.587621e-069
194.200000	0.476150	-5.247350	0.000000	3.759708e+011	2.598061e-069
194.300000	0.476255	-5.247245	0.000000	3.911663e+011	2.608543e-069
194.400000	0.476360	-5.247140	0.000000	4.070975e+011	2.619067e-069
194.500000	0.476464	-5.247036	0.000000	4.237994e+011	2.629634e-069
194.600000	0.476569	-5.246931	0.000000	4.413089e+011	2.640243e-069
194.700000	0.476674	-5.246826	0.000000	4.596644e+011	2.650895e-069
194.800000	0.476778	-5.246722	0.000000	4.789064e+011	2.661590e-069
194.900000	0.476883	-5.246617	0.000000	4.990771e+011	2.672328e-069
195.000000	0.476988	-5.246512	0.000000	5.202209e+011	2.683110e-069
195.100000	0.477092	-5.246408	0.000000	5.423843e+011	2.693935e-069
195.200000	0.477197	-5.246303	0.000000	5.656160e+011	2.704804e-069
195.300000	0.477302	-5.246198	0.000000	5.899669e+011	2.715716e-069
195.400000	0.477407	-5.246093	0.000000	6.154905e+011	2.726673e-069
195.500000	0.477511	-5.245989	0.000000	6.422428e+011	2.737674e-069
195.600000	0.477616	-5.245884	0.000000	6.702825e+011	2.748719e-069
195.700000	0.477721	-5.245779	0.000000	6.996712e+011	2.759808e-069
195.800000	0.477825	-5.245675	0.000000	7.304734e+011	2.770943e-069
195.900000	0.477930	-5.245570	0.000000	7.627564e+011	2.782122e-069
196.000000	0.478035	-5.245465	0.000000	7.965913e+011	2.793347e-069
196.100000	0.478139	-5.245361	0.000000	8.320520e+011	2.804617e-069
196.200000	0.478244	-5.245256	0.000000	8.692165e+011	2.815932e-069
196.300000	0.478349	-5.245151	0.000000	9.081661e+011	2.827293e-069
196.400000	0.478453	-5.245047	0.000000	9.489862e+011	2.838699e-069
196.500000	0.478558	-5.244942	0.000000	9.917664e+011	2.850152e-069
196.600000	0.478663	-5.244837	0.000000	1.036600e+012	2.861651e-069
196.700000	0.478767	-5.244733	0.000000	1.083586e+012	2.873197e-069
196.800000	0.478872	-5.244628	0.000000	1.132827e+012	2.884788e-069
196.900000	0.478977	-5.244523	0.000000	1.184432e+012	2.896427e-069
197.000000	0.479082	-5.244418	0.000000	1.238512e+012	2.908113e-069
197.100000	0.479186	-5.244314	0.000000	1.295187e+012	2.919846e-069
197.200000	0.479291	-5.244209	0.000000	1.354581e+012	2.931626e-069
197.300000	0.479396	-5.244104	0.000000	1.416824e+012	2.943453e-069
197.400000	0.479500	-5.244000	0.000000	1.482052e+012	2.955329e-069
197.500000	0.479605	-5.243895	0.000000	1.550410e+012	2.967252e-069
197.600000	0.479710	-5.243790	0.000000	1.622045e+012	2.979224e-069
197.700000	0.479814	-5.243686	0.000000	1.697117e+012	2.991243e-069
197.800000	0.479919	-5.243581	0.000000	1.775789e+012	3.003311e-069
197.900000	0.480024	-5.243476	0.000000	1.858234e+012	3.015428e-069
198.000000	0.480128	-5.243372	0.000000	1.944633e+012	3.027594e-069
198.100000	0.480233	-5.243267	0.000000	2.035176e+012	3.039809e-069
198.200000	0.480338	-5.243162	0.000000	2.130061e+012	3.052073e-069
198.300000	0.480442	-5.243058	0.000000	2.229496e+012	3.064387e-069
198.400000	0.480547	-5.242953	0.000000	2.333701e+012	3.076750e-069
198.500000	0.480652	-5.242848	0.000000	2.442903e+012	3.089163e-069
198.600000	0.480756	-5.242744	0.000000	2.557343e+012	3.101626e-069
198.700000	0.480861	-5.242639	0.000000	2.677271e+012	3.114140e-069
198.800000	0.480966	-5.242534	0.000000	2.802953e+012	3.126704e-069
198.900000	0.481071	-5.242429	0.000000	2.934663e+012	3.139319e-069
199.000000	0.481175	-5.242325	0.000000	3.072691e+012	3.151984e-069
199.100000	0.481280	-5.242220	0.000000	3.217342e+012	3.164701e-069
199.200000	0.481385	-5.242115	0.000000	3.368932e+012	3.177469e-069
199.300000	0.481489	-5.242011	0.000000	3.527795e+012	3.190289e-069
199.400000	0.481594	-5.241906	0.000000	3.694281e+012	3.203160e-069
199.500000	0.481699	-5.241801	0.000000	3.868757e+012	3.216083e-069
199.600000	0.481803	-5.241697	0.000000	4.051606e+012	3.229058e-069
199.700000	0.481908	-5.241592	0.000000	4.243230e+012	3.242086e-069
199.800000	0.482013	-5.241487	0.000000	4.444052e+012	3.255166e-069
199.900000	0.482117	-5.241383	0.000000	4.654515e+012	3.268299e-069
200.000000	0.482222	-5.241278	0.000000	4.875081e+012	3.281485e-069
200.100000	0.482327	-5.241173	0.000000	5.106237e+012	3.294724e-069
200.200000	0.482431	-5.241069	0.000000	5.348493e+012	3.308017e-069
200.300000	0.482536	-5.240964	0.000000	5.602382e+012	3.321363e-069
200.400000	0.482641	-5.240859	0.000000	5.868464e+012	3.334763e-069
200.500000	0.482746	-5.240754	0.000000	6.147327e+012	3.348217e-069
200.600000	0.482850	-5.240650	0.000000	6.439586e+012	3.361726e-069
200.700000	0.482955	-5.240545	0.000000	6.745885e+012	3.375289e-069
200.800000	0.483060	-5.240440	0.000000	7.066901e+012	3.388906e-069
200.900000	0.483164	-5.240336	0.000000	7.403343e+012	3.402579e-069
201.000000	0.483269	-5.240231	0.000000	7.755953e+012	3.416307e-069
201.100000	0.483374	-5.240126	0.000000	8.125512e+012	3.430090e-069
201.200000	0.483478	-5.240022	0.000000	8.512835e+012	3.443928e-069
201.300000	0.483583	-5.239917	0.000000	8.918779e+012	3.457823e-069
201.400000	0.483688	-5.239812	0.000000	9.344241e+012	3.471774e-069
201.500000	0.483792	-5.239708	0.000000	9.790162e+012	3.485781e-069
201.600000	0.483897	-5.239603	0.000000	1.025753e+013	3.499844e-069
201.700000	0.484002	-5.239498	0.000000	1.074738e+013	3.513964e-069
201.800000	0.484106	-5.239394	0.000000	1.126079e+013	3.528141e-069
201.900000	0.484211	-5.239289	0.000000	1.179890e+013	3.542376e-069
202.000000	0.484316	-5.239184	0.000000	1.236290e+013	3.556667e-069
202.100000	0.484420	-5.239080	0.000000	1.295405e+013	3.571017e-069
202.200000	0.484525	-5.238975	0.000000	1.357365e+013	3.585424e-069
202.300000	0.484630	-5.238870	0.000000	1.422307e+013	3.599889e-069
202.400000	0.484735	-5.238765	0.000000	1.490376e+013	3.614413e-069
202.500000	0.484839	-5.238661	0.000000	1.561722e+013	3.628996e-069
202.600000	0.484944	-5.238556	0.000000	1.636504e+013	3.643637e-069
202.700000	0.485049	-5.238451	0.000000	1.714888e+013	3.658337e-069
202.800000	0.485153	-5.238347	0.000000	1.797047e+013	3.673097e-069
202.900000	0.485258	-5.238242	0.000000	1.883164e+013	3.687916e-069
203.000000	0.485363	-5.238137	0.000000	1.973431e+013	3.702795e-069
203.100000	0.485467	-5.238033	0.000000	2.068047e+013	3.717734e-069
203.200000	0.485572	-5.237928	0.000000	2.167223e+013	3.732733e-069
203.300000	0.485677	-5.237823	0.000000	2.271179e+013	3.747793e-069
203.400000	0.485781	-5.237719	0.000000	2.380147e+013	3.762913e-069
203.500000	0.485886	-5.237614	0.000000	2.494369e+013	3.778095e-069
203.600000	0.485991	-5.237509	0.000000	2.614098e+013	3.793337e-069
203.700000	0.486095	-5.237405	0.000000	2.739601e+013	3.808641e-069
203.800000	0.486200	-5.237300	0.000000	2.871158e+013	3.824007e-069
203.900000	0.486305	-5.237195	0.000000	3.009062e+013	3.839435e-069
204.000000	0.486410	-5.237090	0.000000	3.153619e+013	3.854926e-069
204.100000	0.486514	-5.236986	0.000000	3.305151e+013	3.870478e-069
204.200000	0.486619	-5.236881	0.000000	3.463996e+013	3.886094e-069
204.300000	0.486724	-5.236776	0.000000	3.630508e+013	3.901772e-069
204.400000	0.486828	-5.236672	0.000000	3.805058e+013	3.917514e-069
204.500000	0.486933	-5.236567	0.000000	3.988035e+013	3.933319e-069
204.600000	0.487038	-5.236462	0.000000	4.179848e+013	3.949188e-069
204.700000	0.487142	-5.236358	0.000000	4.380924e+013	3.965121e-069
204.800000	0.487247	-5.236253	0.000000	4.591712e+013	3.981119e-069
204.900000	0.487352	-5.236148	0.000000	4.812682e+013	3.997180e-069
205.000000	0.487456	-5.236044	0.000000	5.044328e+013	4.013307e-069
205.100000	0.487561	-5.235939	0.000000	5.287167e+013	4.029499e-069
205.200000	0.487666	-5.235834	0.000000	5.541742e+013	4.045756e-069
205.300000	0.487770	-5.235730	0.000000	5.808621e+013	4.062078e-069
205.400000	0.487875	-5.235625	0.000000	6.088401e+013	4.078467e-069
205.500000	0.487980	-5.235520	0.000000	6.381708e+013	4.094921e-069
205.600000	0.488085	-5.235415	0.000000	6.689196e+013	4.111442e-069
205.700000	0.488189	-5.235311	0.000000	7.011555e+013	4.128030e-069
205.800000	0.488294	-5.235206	0.000000	7.349504e+013	4.144684e-069
205.900000	0.488399	-5.235101	0.000000	7.703802e+013	4.161406e-069
206.000000	0.488503	-5.234997	0.000000	8.075240e+013	4.178195e-069
206.100000	0.488608	-5.234892	0.000000	8.464650e+013	4.195052e-069
206.200000	0.488713	-5.234787	0.000000	8.872905e+013	4.211977e-069
206.300000	0.488817	-5.234683	0.000000	9.300918e+013	4.228970e-069
206.400000	0.488922	-5.234578	0.000000	9.749651e+013	4.246032e-069
206.500000	0.489027	-5.234473	0.000000	1.022011e+014	4.263163e-069
206.600000	0.489131	-5.234369	0.000000	1.071334e+014	4.280362e-069
206.700000	0.489236	-5.234264	0.000000	1.123046e+014	4.297631e-069
206.800000	0.489341	-5.234159	0.000000	1.177263e+014	4.314970e-069
206.900000	0.489445	-5.234055	0.000000	1.234105e+014	4.332379e-069
207.000000	0.489550	-5.233950	0.000000	1.293702e+014	4.349858e-069
207.100000	0.489655	-5.233845	0.000000	1.356185e+014	4.367407e-069
207.200000	0.489759	-5.233741	0.000000	1.421697e+014	4.385028e-069
207.300000	0.489864	-5.233636	0.000000	1.490384e+014	4.402719e-069
207.400000	0.489969	-5.233531	0.000000	1.562400e+014	4.420482e-069
207.500000	0.490074	-5.233426	0.000000	1.637907e+014	4.438316e-069
207.600000	0.490178	-5.233322	0.000000	1.717075e+014	4.456222e-069
207.700000	0.490283	-5.233217	0.000000	1.800081e+014	4.474201e-069
207.800000	0.490388	-5.233112	0.000000	1.887113e+014	4.492252e-069
207.900000	0.490492	-5.233008	0.000000	1.978367e+014	4.510376e-069
208.000000	0.490597	-5.232903	0.000000	2.074047e+014	4.528573e-069
208.100000	0.490702	-5.232798	0.000000	2.174369e+014	4.546843e-069
208.200000	0.490806	-5.232694	0.000000	2.279558e+014	4.565187e-069
208.300000	0.490911	-5.232589	0.000000	2.389853e+014	4.583606e-069
208.400000	0.491016	-5.232484	0.000000	2.505500e+014	4.602098e-069
208.500000	0.491120	-5.232380	0.000000	2.626761e+014	4.620665e-069
208.600000	0.491225	-5.232275	0.000000	2.753909e+014	4.639307e-069
208.700000	0.491330	-5.232170	0.000000	2.887231e+014	4.658024e-069
208.800000	0.491434	-5.232066	0.000000	3.027026e+014	4.676817e-069
208.900000	0.491539	-5.231961	0.000000	3.173610e+014	4.695685e-069
209.000000	0.491644	-5.231856	0.000000	3.327315e+014	4.714630e-069
209.100000	0.491749	-5.231751	0.000000	3.488486e+014	4.733651e-069
209.200000	0.491853	-5.231647	0.000000	3.657487e+014	4.752748e-069
209.300000	0.491958	-5.231542	0.000000	3.834701e+014	4.771923e-069
209.400000	0.492063	-5.231437	0.000000	4.020526e+014	4.791175e-069
209.500000	0.492167	-5.231333	0.000000	4.215383e+014	4.810505e-069
209.600000	0.492272	-5.231228	0.000000	4.419712e+014	4.829913e-069
209.700000	0.492377	-5.231123	0.000000	4.633975e+014	4.849399e-069
209.800000	0.492481	-5.231019	0.000000	4.858655e+014	4.868963e-069
209.900000	0.492586	-5.230914	0.000000	5.094261e+014	4.888607e-069
210.000000	0.862351	-5.417649	0.000000	5.774406e+014	3.715581e-072
210.100000	0.860052	-5.419948	0.000000	6.082079e+014	3.401253e-072
210.200000	0.857754	-5.422246	0.000000	6.410147e+014	3.113517e-072
210.300000	0.855456	-5.424544	0.000000	6.759883e+014	2.850122e-072
210.400000	0.853158	-5.426842	0.000000	7.132644e+014	2.609010e-072
210.500000	0.850860	-5.429140	0.000000	7.529869e+014	2.388295e-072
210.600000	0.848562	-5.431438	0.000000	7.953090e+014	2.186252e-072
210.700000	0.846263	-5.433737	0.000000	8.403937e+014	2.001301e-072
210.800000	0.843965	-5.436035	0.000000	8.884140e+014	1.831996e-072
210.900000	0.841667	-5.438333	0.000000	9.395539e+014	1.677015e-072
211.000000	0.839369	-5.440631	0.000000	9.940089e+014	1.535144e-072
211.100000	0.837071	-5.442929	0.000000	1.051986e+015	1.405275e-072
211.200000	0.834773	-5.445227	0.000000	1.113707e+015	1.286392e-072
211.300000	0.832474	-5.447526	0.000000	1.179405e+015	1.177567e-072
211.400000	0.830176	-5.449824	0.000000	1.249330e+015	1.077948e-072
211.500000	0.827878	-5.452122	0.000000	1.323744e+015	9.867567e-073
211.600000	0.825580	-5.454420	0.000000	1.402929e+015	9.032798e-073
211.700000	0.823282	-5.456718	0.000000	1.487182e+015	8.268648e-073
211.800000	0.820984	-5.459016	0.000000	1.576819e+015	7.569143e-073
211.900000	0.818685	-5.461315	0.000000	1.672175e+015	6.928813e-073
212.000000	0.816387	-5.463613	0.000000	1.773607e+015	6.342654e-073
212.100000	0.814089	-5.465911	0.000000	1.881490e+015	5.806083e-073
212.200000	0.811791	-5.468209	0.000000	1.996227e+015	5.314904e-073
212.300000	0.809493	-5.470507	0.000000	2.118241e+015	4.865277e-073
212.400000	0.807195	-5.472805	0.000000	2.247983e+015	4.453687e-073
212.500000	0.804896	-5.475104	0.000000	2.385932e+015	4.076917e-073
212.600000	0.802598	-5.477402	0.000000	2.532594e+015	3.732020e-073
212.700000	0.800300	-5.479700	0.000000	2.688507e+015	3.416301e-073
212.800000	0.798002	-5.481998	0.000000	2.854240e+015	3.127291e-073
212.900000	0.795704	-5.484296	0.000000	3.030399e+015	2.862730e-073
213.000000	0.793406	-5.486594	0.000000	3.217623e+015	2.620550e-073
213.100000	0.791107	-5.488893	0.000000	3.416592e+015	2.398858e-073
213.200000	0.788809	-5.491191	0.000000	3.628025e+015	2.195921e-073
213.300000	0.786511	-5.493489	0.000000	3.852687e+015	2.010151e-073
213.400000	0.784213	-5.495787	0.000000	4.091384e+015	1.840097e-073
213.500000	0.781915	-5.498085	0.000000	4.344975e+015	1.684429e-073
213.600000	0.779616	-5.500384	0.000000	4.614367e+015	1.541931e-073
213.700000	0.777318	-5.502682	0.000000	4.900522e+015	1.411487e-073
213.800000	0.775020	-5.504980	0.000000	5.204459e+015	1.292078e-073
213.900000	0.772722	-5.507278	0.000000	5.527257e+015	1.182772e-073
214.000000	0.770424	-5.509576	0.000000	5.870059e+015	1.082712e-073
214.100000	0.768126	-5.511874	0.000000	6.234078e+015	9.911167e-074
214.200000	0.765827	-5.514173	0.000000	6.620595e+015	9.072704e-074
214.300000	0.763529	-5.516471	0.000000	7.030968e+015	8.305172e-074
214.400000	0.761231	-5.518769	0.000000	7.466634e+015	7.602572e-074
214.500000	0.758933	-5.521067	0.000000	7.929118e+015	6.959410e-074
214.600000	0.756635	-5.523365	0.000000	8.420029e+015	6.370657e-074
214.700000	0.754336	-5.525664	0.000000	8.941075e+015	5.831712e-074
214.800000	0.752038	-5.527962	0.000000	9.494060e+015	5.338360e-074
214.900000	0.749740	-5.530260	0.000000	1.008090e+016	4.886744e-074
215.000000	0.747442	-5.532558	0.000000	1.070361e+016	4.473334e-074
215.100000	0.745144	-5.534856	0.000000	1.136433e+016	4.094898e-074
215.200000	0.742845	-5.537155	0.000000	1.206533e+016	3.748476e-074
215.300000	0.740547	-5.539453	0.000000	1.280901e+016	3.431360e-074
215.400000	0.738249	-5.541751	0.000000	1.359789e+016	3.141072e-074
215.500000	0.735951	-5.544049	0.000000	1.443467e+016	2.875342e-074
215.600000	0.733653	-5.546347	0.000000	1.532217e+016	2.632091e-074
215.700000	0.731354	-5.548646	0.000000	1.626339e+016	2.409419e-074
215.800000	0.729056	-5.550944	0.000000	1.726151e+016	2.205585e-074
215.900000	0.726758	-5.553242	0.000000	1.831988e+016	2.018994e-074
216.000000	0.724460	-5.555540	0.000000	1.944205e+016	1.848189e-074
216.100000	0.722161	-5.557839	0.000000	2.063176e+016	1.691834e-074
216.200000	0.719863	-5.560137	0.000000	2.189299e+016	1.548705e-074
216.300000	0.717565	-5.562435	0.000000	2.322991e+016	1.417685e-074
216.400000	0.715267	-5.564733	0.000000	2.464695e+016	1.297750e-074
216.500000	0.712969	-5.567031	0.000000	2.614880e+016	1.187960e-074
216.600000	0.710670	-5.569330	0.000000	2.774040e+016	1.087459e-074
216.700000	0.708372	-5.571628	0.000000	2.942698e+016	9.954592e-075
216.800000	0.706074	-5.573926	0.000000	3.121406e+016	9.112429e-075
216.900000	0.703775	-5.576225	0.000000	3.310746e+016	8.341511e-075
217.000000	0.701477	-5.578523	0.000000	3.511336e+016	7.635812e-075
217.100000	0.699179	-5.580821	0.000000	3.723826e+016	6.989814e-075
217.200000	0.696881	-5.583119	0.000000	3.948903e+016	6.398466e-075
217.300000	0.694582	-5.585418	0.000000	4.187294e+016	5.857145e-075
217.400000	0.692284	-5.587716	0.000000	4.439765e+016	5.361620e-075
217.500000	0.689986	-5.590014	0.000000	4.707125e+016	4.908015e-075
217.600000	0.687687	-5.592313	0.000000	4.990229e+016	4.492784e-075
217.700000	0.685389	-5.594611	0.000000	5.289979e+016	4.112682e-075
217.800000	0.683091	-5.596909	0.000000	5.607328e+016	3.764736e-075
217.900000	0.680792	-5.599208	0.000000	5.943281e+016	3.446226e-075
218.000000	0.678494	-5.601506	0.000000	6.298899e+016	3.154662e-075
218.100000	0.676196	-5.603804	0.000000	6.675301e+016	2.887764e-075
218.200000	0.673897	-5.606103	0.000000	7.073668e+016	2.643445e-075
218.300000	0.671599	-5.608401	0.000000	7.495247e+016	2.419796e-075
218.400000	0.669300	-5.610700	0.000000	7.941354e+016	2.215067e-075
218.500000	0.667002	-5.612998	0.000000	8.413375e+016	2.027658e-075
218.600000	0.664704	-5.615296	0.000000	8.912773e+016	1.856105e-075
218.700000	0.662405	-5.617595	0.000000	9.441092e+016	1.699065e-075
218.800000	0.660107	-5.619893	0.000000	9.999959e+016	1.555310e-075
218.900000	0.657808	-5.622192	0.000000	1.059109e+017	1.423717e-075
219.000000	0.655510	-5.624490	0.000000	1.121630e+017	1.303257e-075
219.100000	0.653211	-5.626789	0.000000	1.187749e+017	1.192989e-075
219.200000	0.650913	-5.629087	0.000000	1.257667e+017	1.092049e-075
219.300000	0.648614	-5.631386	0.000000	1.331596e+017	9.996487e-076
219.400000	0.646315	-5.633685	0.000000	1.409761e+017	9.150659e-076
219.500000	0.644017	-5.635983	0.000000	1.492395e+017	8.376389e-076
219.600000	0.641718	-5.638282	0.000000	1.579748e+017	7.667625e-076
219.700000	0.639419	-5.640581	0.000000	1.672081e+017	7.018825e-076
219.800000	0.637121	-5.642879	0.000000	1.769670e+017	6.424916e-076
219.900000	0.634822	-5.645178	0.000000	1.872804e+017	5.881254e-076
220.000000	0.632523	-5.647477	0.000000	1.981790e+017	5.383588e-076
220.100000	0.630224	-5.649776	0.000000	2.096950e+017	4.928027e-076
220.200000	0.627925	-5.652075	0.000000	2.218622e+017	4.511009e-076
220.300000	0.625627	-5.654373	0.000000	2.347164e+017	4.129273e-076
220.400000	0.623328	-5.656672	0.000000	2.482952e+017	3.779835e-076
220.500000	0.621029	-5.658971	0.000000	2.626382e+017	3.459962e-076
220.600000	0.618730	-5.661270	0.000000	2.777871e+017	3.167152e-076
220.700000	0.616430	-5.663570	0.000000	2.937857e+017	2.899116e-076
220.800000	0.614131	-5.665869	0.000000	3.106804e+017	2.653759e-076
220.900000	0.611832	-5.668168	0.000000	3.285195e+017	2.429161e-076
221.000000	0.609533	-5.670467	0.000000	3.473545e+017	2.223567e-076
221.100000	0.607233	-5.672767	0.000000	3.672389e+017	2.035368e-076
221.200000	0.604934	-5.675066	0.000000	3.882296e+017	1.863093e-076
221.300000	0.602635	-5.677365	0.000000	4.103861e+017	1.705395e-076
221.400000	0.600335	-5.679665	0.000000	4.337710e+017	1.561040e-076
221.500000	0.598035	-5.681965	0.000000	4.584504e+017	1.428900e-076
221.600000	0.595736	-5.684264	0.000000	4.844934e+017	1.307942e-076
221.700000	0.593436	-5.686564	0.000000	5.119731e+017	1.197218e-076
221.800000	0.591136	-5.688864	0.000000	5.409662e+017	1.095864e-076
221.900000	0.588836	-5.691164	0.000000	5.715531e+017	1.003086e-076
222.000000	0.586536	-5.693464	0.000000	6.038188e+017	9.181590e-077
222.100000	0.584236	-5.695764	0.000000	6.378522e+017	8.404190e-077
222.200000	0.581935	-5.698065	0.000000	6.737471e+017	7.692576e-077
222.300000	0.579635	-5.700365	0.000000	7.116018e+017	7.041184e-077
222.400000	0.577334	-5.702666	0.000000	7.515197e+017	6.444917e-077
222.500000	0.575034	-5.704966	0.000000	7.936095e+017	5.899113e-077
222.600000	0.572733	-5.707267	0.000000	8.379854e+017	5.399500e-077
222.700000	0.570432	-5.709568	0.000000	8.847673e+017	4.942172e-077
222.800000	0.568130	-5.711870	0.000000	9.340812e+017	4.523550e-077
222.900000	0.565829	-5.714171	0.000000	9.860595e+017	4.140359e-077
223.000000	0.563527	-5.716473	0.000000	1.040841e+018	3.789601e-077
223.100000	0.561226	-5.718774	0.000000	1.098572e+018	3.468533e-077
223.200000	0.558924	-5.721076	0.000000	1.159405e+018	3.174642e-077
223.300000	0.556622	-5.723378	0.000000	1.223502e+018	2.905629e-077
223.400000	0.554319	-5.725681	0.000000	1.291030e+018	2.659388e-077
223.500000	0.552017	-5.727983	0.000000	1.362169e+018	2.433992e-077
223.600000	0.549714	-5.730286	0.000000	1.437102e+018	2.227678e-077
223.700000	0.547410	-5.732590	0.000000	1.516027e+018	2.038831e-077
223.800000	0.545107	-5.734893	0.000000	1.599147e+018	1.865973e-077
223.900000	0.542803	-5.737197	0.000000	1.686678e+018	1.707751e-077
224.000000	0.540499	-5.739501	0.000000	1.778845e+018	1.562926e-077
224.100000	0.538195	-5.741805	0.000000	1.875884e+018	1.430365e-077
224.200000	0.535890	-5.744110	0.000000	1.978044e+018	1.309030e-077
224.300000	0.533585	-5.746415	0.000000	2.085585e+018	1.197970e-077
224.400000	0.531280	-5.748720	0.000000	2.198780e+018	1.096317e-077
224.500000	0.528974	-5.751026	0.000000	2.317915e+018	1.003273e-077
224.600000	0.526667	-5.753333	0.000000	2.443290e+018	9.181111e-078
224.700000	0.524361	-5.755639	0.000000	2.575219e+018	8.401632e-078
224.800000	0.522053	-5.757947	0.000000	2.714031e+018	7.688190e-078
224.900000	0.519746	-5.760254	0.000000	2.860073e+018	7.035195e-078
225.000000	0.517437	-5.762563	0.000000	3.013707e+018	6.437531e-078
225.100000	0.515128	-5.764872	0.000000	3.175311e+018	5.890513e-078
225.200000	0.512819	-5.767181	0.000000	3.345282e+018	5.389855e-078
225.300000	0.510509	-5.769491	0.000000	3.524038e+018	4.931633e-078
225.400000	0.508198	-5.771802	0.000000	3.712015e+018	4.512253e-078
225.500000	0.505887	-5.774113	0.000000	3.909668e+018	4.128427e-078
225.600000	0.503575	-5.776425	0.000000	4.117477e+018	3.777145e-078
225.700000	0.501262	-5.778738	0.000000	4.335941e+018	3.455652e-078
225.800000	0.498948	-5.781052	0.000000	4.565586e+018	3.161425e-078
225.900000	0.496634	-5.783366	0.000000	4.806961e+018	2.892155e-078
226.000000	0.494318	-5.785682	0.000000	5.060639e+018	2.645730e-078
226.100000	0.492002	-5.787998	0.000000	5.327223e+018	2.420213e-078
226.200000	0.489684	-5.790316	0.000000	5.607342e+018	2.213835e-078
226.300000	0.487366	-5.792634	0.000000	5.901654e+018	2.024975e-078
226.400000	0.485046	-5.794954	0.000000	6.210848e+018	1.852148e-078
226.500000	0.482726	-5.797274	0.000000	6.535645e+018	1.693996e-078
226.600000	0.480404	-5.799596	0.000000	6.876799e+018	1.549277e-078
226.700000	0.478081	-5.801919	0.000000	7.235098e+018	1.416851e-078
226.800000	0.475756	-5.804244	0.000000	7.611368e+018	1.295678e-078
226.900000	0.473430	-5.806570	0.000000	8.006470e+018	1.184804e-078
227.000000	0.471103	-5.808897	0.000000	8.421306e+018	1.083356e-078
227.100000	0.468774	-5.811226	0.000000	8.856819e+018	9.905341e-079
227.200000	0.466444	-5.813556	0.000000	9.313992e+018	9.056085e-079
227.300000	0.464111	-5.815889	0.000000	9.793857e+018	8.279092e-079
227.400000	0.461777	-5.818223	0.000000	1.029749e+019	7.568234e-079
227.500000	0.459441	-5.820559	0.000000	1.082601e+019	6.917905e-079
227.600000	0.457103	-5.822897	0.000000	1.138060e+019	6.322970e-079
227.700000	0.454763	-5.825237	0.000000	1.196248e+019	5.778730e-079
227.800000	0.452421	-5.827579	0.000000	1.257293e+019	5.280885e-079
227.900000	0.450076	-5.829924	0.000000	1.321329e+019	4.825498e-079
228.000000	0.447729	-5.832271	0.000000	1.388496e+019	4.408965e-079
228.100000	0.445379	-5.834621	0.000000	1.458940e+019	4.027988e-079
228.200000	0.443027	-5.836973	0.000000	1.532813e+019	3.679549e-079
228.300000	0.440672	-5.839328	0.000000	1.610273e+019	3.360885e-079
228.400000	0.438313	-5.841687	0.000000	1.691488e+019	3.069466e-079
228.500000	0.435952	-5.844048	0.000000	1.776629e+019	2.802978e-079
228.600000	0.433587	-5.846413	0.000000	1.865878e+019	2.559303e-079
228.700000	0.431219	-5.848781	0.000000	1.959423e+019	2.336501e-079
228.800000	0.428848	-5.851152	0.000000	2.057460e+019	2.132798e-079
228.900000	0.426472	-5.853528	0.000000	2.160194e+019	1.946568e-079
229.000000	0.424093	-5.855907	0.000000	2.267839e+019	1.776327e-079
229.100000	0.421709	-5.858291	0.000000	2.380619e+019	1.620713e-079
229.200000	0.419321	-5.860679	0.000000	2.498764e+019	1.478480e-079
229.300000	0.416928	-5.863072	0.000000	2.622517e+019	1.348490e-079
229.400000	0.414530	-5.865470	0.000000	2.752132e+019	1.229700e-079
229.500000	0.412128	-5.867872	0.000000	2.887869e+019	1.121154e-079
229.600000	0.409720	-5.870280	0.000000	3.030004e+019	1.021979e-079
229.700000	0.407306	-5.872694	0.000000	3.178822e+019	9.313768e-080
229.800000	0.404886	-5.875114	0.000000	3.334620e+019	8.486144e-080
229.900000	0.402461	-5.877539	0.000000	3.497707e+019	7.730229e-080
230.000000	-0.416032	-5.467532	0.000000	3.026435e+019	5.455229e-073
230.100000	-0.413109	-5.464609	0.000000	3.143425e+019	6.104297e-073
230.200000	-0.410191	-5.461691	0.000000	3.260867e+019	6.829088e-073
230.300000	-0.407280	-5.458780	0.000000	3.378649e+019	7.638194e-073
230.400000	-0.404375	-5.455875	0.000000	3.496658e+019	8.541142e-073
230.500000	-0.401476	-5.452976	0.000000	3.614785e+019	9.548495e-073
230.600000	-0.398584	-5.450084	0.000000	3.732921e+019	1.067196e-072
230.700000	-0.395699	-5.447199	0.000000	3.850960e+019	1.192449e-072
230.800000	-0.392821	-5.444321	0.000000	3.968798e+019	1.332043e-072
230.900000	-0.389950	-5.441450	0.000000	4.086331e+019	1.487567e-072
231.000000	-0.387086	-5.438586	0.000000	4.203458e+019	1.660773e-072
231.100000	-0.384230	-5.435730	0.000000	4.320082e+019	1.853602e-072
231.200000	-0.381382	-5.432882	0.000000	4.436105e+019	2.068194e-072
231.300000	-0.378542	-5.430042	0.000000	4.551434e+019	2.306914e-072
231.400000	-0.375710	-5.427210	0.000000	4.665975e+019	2.572369e-072
231.500000	-0.372886	-5.424386	0.000000	4.779641e+019	2.867433e-072
231.600000	-0.370072	-5.421572	0.000000	4.892344e+019	3.195275e-072
231.700000	-0.367266	-5.418766	0.000000	5.004000e+019	3.559381e-072
231.800000	-0.364469	-5.415969	0.000000	5.114526e+019	3.963589e-072
231.900000	-0.361682	-5.413182	0.000000	5.223843e+019	4.412122e-072
232.000000	-0.358904	-5.410404	0.000000	5.331876e+019	4.909618e-072
232.100000	-0.356136	-5.407636	0.000000	5.438549e+019	5.461173e-072
232.200000	-0.353378	-5.404878	0.000000	5.543791e+019	6.072381e-072
232.300000	-0.350630	-5.402130	0.000000	5.647535e+019	6.749377e-072
232.400000	-0.347892	-5.399392	0.000000	5.749714e+019	7.498887e-072
232.500000	-0.345164	-5.396664	0.000000	5.850265e+019	8.328279e-072
232.600000	-0.342447	-5.393947	0.000000	5.949129e+019	9.245621e-072
232.700000	-0.339741	-5.391241	0.000000	6.046246e+019	1.025974e-071
232.800000	-0.337046	-5.388546	0.000000	6.141564e+019	1.138027e-071
232.900000	-0.334362	-5.385862	0.000000	6.235030e+019	1.261777e-071
233.000000	-0.331690	-5.383190	0.000000	6.326594e+019	1.398374e-071
233.100000	-0.329029	-5.380529	0.000000	6.416211e+019	1.549073e-071
233.200000	-0.326380	-5.377880	0.000000	6.503837e+019	1.715242e-071
233.300000	-0.323742	-5.375242	0.000000	6.589430e+019	1.898373e-071
233.400000	-0.321117	-5.372617	0.000000	6.672953e+019	2.100089e-071
233.500000	-0.318503	-5.370003	0.000000	6.754370e+019	2.322154e-071
233.600000	-0.315902	-5.367402	0.000000	6.833648e+019	2.566488e-071
233.700000	-0.313313	-5.364813	0.000000	6.910756e+019	2.835176e-071
233.800000	-0.310737	-5.362237	0.000000	6.985668e+019	3.130480e-071
233.900000	-0.308174	-5.359674	0.000000	7.058357e+019	3.454853e-071
234.000000	-0.305623	-5.357123	0.000000	7.128801e+019	3.810956e-071
234.100000	-0.303086	-5.354586	0.000000	7.196980e+019	4.201669e-071
234.200000	-0.300561	-5.352061	0.000000	7.262876e+019	4.630108e-071
234.300000	-0.298050	-5.349550	0.000000	7.326474e+019	5.099644e-071
234.400000	-0.295552	-5.347052	0.000000	7.387759e+019	5.613918e-071
234.500000	-0.293067	-5.344567	0.000000	7.446723e+019	6.176861e-071
234.600000	-0.290596	-5.342096	0.000000	7.503355e+019	6.792717e-071
234.700000	-0.288138	-5.339638	0.000000	7.557650e+019	7.466057e-071
234.800000	-0.285695	-5.337195	0.000000	7.609603e+019	8.201806e-071
234.900000	-0.283265	-5.334765	0.000000	7.659212e+019	9.005266e-071
235.000000	-0.280849	-5.332349	0.000000	7.706476e+019	9.882139e-071
235.100000	-0.278447	-5.329947	0.000000	7.751398e+019	1.083855e-070
235.200000	-0.276059	-5.327559	0.000000	7.793982e+019	1.188109e-070
235.300000	-0.273686	-5.325186	0.000000	7.834232e+019	1.301680e-070
235.400000	-0.271326	-5.322826	0.000000	7.872155e+019	1.425326e-070
235.500000	-0.268981	-5.320481	0.000000	7.907762e+019	1.559859e-070
235.600000	-0.266651	-5.318151	0.000000	7.941063e+019	1.706145e-070
235.700000	-0.264334	-5.315834	0.000000	7.972069e+019	1.865113e-070
235.800000	-0.262033	-5.313533	0.000000	8.000796e+019	2.037757e-070
235.900000	-0.259746	-5.311246	0.000000	8.027258e+019	2.225135e-070
236.000000	-0.257473	-5.308973	0.000000	8.051472e+019	2.428379e-070
236.100000	-0.255215	-5.306715	0.000000	8.073456e+019	2.648694e-070
236.200000	-0.252972	-5.304472	0.000000	8.093230e+019	2.887366e-070
236.300000	-0.250743	-5.302243	0.000000	8.110816e+019	3.145761e-070
236.400000	-0.248530	-5.300030	0.000000	8.126234e+019	3.425336e-070
236.500000	-0.246331	-5.297831	0.000000	8.139508e+019	3.727637e-070
236.600000	-0.244147	-5.295647	0.000000	8.150662e+019	4.054307e-070
236.700000	-0.241977	-5.293477	0.000000	8.159722e+019	4.407088e-070
236.800000	-0.239823	-5.291323	0.000000	8.166714e+019	4.787831e-070
236.900000	-0.237683	-5.289183	0.000000	8.171666e+019	5.198493e-070
237.000000	-0.235559	-5.287059	0.000000	8.174605e+019	5.641150e-070
237.100000	-0.233449	-5.284949	0.000000	8.175560e+019	6.117997e-070
237.200000	-0.231354	-5.282854	0.000000	8.174562e+019	6.631353e-070
237.300000	-0.229274	-5.280774	0.000000	8.171640e+019	7.183670e-070
237.400000	-0.227209	-5.278709	0.000000	8.166826e+019	7.777535e-070
237.500000	-0.225158	-5.276658	0.000000	8.160152e+019	8.415679e-070
237.600000	-0.223123	-5.274623	0.000000	8.151651e+019	9.100977e-070
237.700000	-0.221102	-5.272602	0.000000	8.141354e+019	9.836459e-070
237.800000	-0.219097	-5.270597	0.000000	8.129296e+019	1.062531e-069
237.900000	-0.217106	-5.268606	0.000000	8.115510e+019	1.147090e-069
238.000000	-0.215130	-5.266630	0.000000	8.100031e+019	1.237673e-069
238.100000	-0.213168	-5.264668	0.000000	8.082892e+019	1.334651e-069
238.200000	-0.211222	-5.262722	0.000000	8.064131e+019	1.438413e-069
238.300000	-0.209290	-5.260790	0.000000	8.043780e+019	1.549365e-069
238.400000	-0.207372	-5.258872	0.000000	8.021876e+019	1.667935e-069
238.500000	-0.205470	-5.256970	0.000000	7.998455e+019	1.794568e-069
238.600000	-0.203582	-5.255082	0.000000	7.973552e+019	1.929733e-069
238.700000	-0.201708	-5.253208	0.000000	7.947203e+019	2.073918e-069
238.800000	-0.199849	-5.251349	0.000000	7.919444e+019	2.227634e-069
238.900000	-0.198005	-5.249505	0.000000	7.890312e+019	2.391413e-069
239.000000	-0.196174	-5.247674	0.000000	7.859841e+019	2.565812e-069
239.100000	-0.194359	-5.245859	0.000000	7.828070e+019	2.751412e-069
239.200000	-0.192557	-5.244057	0.000000	7.795032e+019	2.948816e-069
239.300000	-0.190770	-5.242270	0.000000	7.760765e+019	3.158655e-069
239.400000	-0.188997	-5.240497	0.000000	7.725305e+019	3.381582e-069
239.500000	-0.187238	-5.238738	0.000000	7.688686e+019	3.618278e-069
239.600000	-0.185493	-5.236993	0.000000	7.650946e+019	3.869453e-069
239.700000	-0.183762	-5.235262	0.000000	7.612118e+019	4.135840e-069
239.800000	-0.182045	-5.233545	0.000000	7.572238e+019	4.418202e-069
239.900000	-0.180341	-5.231841	0.000000	7.531342e+019	4.717330e-069
240.000000	-0.178652	-5.230152	0.000000	7.489464e+019	5.034046e-069
240.100000	-0.176976	-5.228476	0.000000	7.446639e+019	5.369198e-069
240.200000	-0.175314	-5.226814	0.000000	7.402901e+019	5.723666e-069
240.300000	-0.173665	-5.225165	0.000000	7.358283e+019	6.098360e-069
240.400000	-0.172030	-5.223530	0.000000	7.312820e+019	6.494222e-069
240.500000	-0.170408	-5.221908	0.000000	7.266544e+019	6.912223e-069
240.600000	-0.168799	-5.220299	0.000000	7.219490e+019	7.353369e-069
240.700000	-0.167204	-5.218704	0.000000	7.171688e+019	7.818697e-069
240.800000	-0.165622	-5.217122	0.000000	7.123171e+019	8.309277e-069
240.900000	-0.164053	-5.215553	0.000000	7.073972e+019	8.826210e-069
241.000000	-0.162497	-5.213997	0.000000	7.024122e+019	9.370636e-069
241.100000	-0.160953	-5.212453	0.000000	6.973651e+019	9.943724e-069
241.200000	-0.159423	-5.210923	0.000000	6.922590e+019	1.054668e-068
241.300000	-0.157905	-5.209405	0.000000	6.870969e+019	1.118074e-068
241.400000	-0.156399	-5.207899	0.000000	6.818818e+019	1.184719e-068
241.500000	-0.154906	-5.206406	0.000000	6.766166e+019	1.254733e-068
241.600000	-0.153426	-5.204926	0.000000	6.713042e+019	1.328252e-068
241.700000	-0.151958	-5.203458	0.000000	6.659474e+019	1.405412e-068
241.800000	-0.150502	-5.202002	0.000000	6.605490e+019	1.486357e-068
241.900000	-0.149058	-5.200558	0.000000	6.551117e+019	1.571233e-068
242.000000	-0.147626	-5.199126	0.000000	6.496382e+019	1.660187e-068
242.100000	-0.146206	-5.197706	0.000000	6.441311e+019	1.753374e-068
242.200000	-0.144798	-5.196298	0.000000	6.385931e+019	1.850950e-068
242.300000	-0.143402	-5.194902	0.000000	6.330267e+019	1.953076e-068
242.400000	-0.142017	-5.193517	0.000000	6.274343e+019	2.059916e-068
242.500000	-0.140644	-5.192144	0.000000	6.218184e+019	2.171639e-068
242.600000	-0.139282	-5.190782	0.000000	6.161814e+019	2.288416e-068
242.700000	-0.137932	-5.189432	0.000000	6.105256e+019	2.410423e-068
242.800000	-0.136592	-5.188092	0.000000	6.048533e+019	2.537840e-068
242.900000	-0.135264	-5.186764	0.000000	5.991667e+019	2.670851e-068
243.000000	-0.133947	-5.185447	0.000000	5.934681e+019	2.809643e-068
243.100000	-0.132641	-5.184141	0.000000	5.877595e+019	2.954409e-068
243.200000	-0.131345	-5.182845	0.000000	5.820431e+019	3.105342e-068
243.300000	-0.130060	-5.181560	0.000000	5.763209e+019	3.262643e-068
243.400000	-0.128786	-5.180286	0.000000	5.705948e+019	3.426516e-068
243.500000	-0.127523	-5.179023	0.000000	5.648668e+019	3.597167e-068
243.600000	-0.126269	-5.177769	0.000000	5.591389e+019	3.774807e-068
243.700000	-0.125026	-5.176526	0.000000	5.534127e+019	3.959654e-068
243.800000	-0.123794	-5.175294	0.000000	5.476902e+019	4.151925e-068
243.900000	-0.122571	-5.174071	0.000000	5.419731e+019	4.351844e-068
244.000000	-0.121358	-5.172858	0.000000	5.362630e+019	4.559640e-068
244.100000	-0.120155	-5.171655	0.000000	5.305616e+019	4.775543e-068
244.200000	-0.118962	-5.170462	0.000000	5.248706e+019	4.999790e-068
244.300000	-0.117779	-5.169279	0.000000	5.191914e+019	5.232620e-068
244.400000	-0.116605	-5.168105	0.000000	5.135255e+019	5.474278e-068
244.500000	-0.115440	-5.166940	0.000000	5.078745e+019	5.725012e-068
244.600000	-0.114285	-5.165785	0.000000	5.022398e+019	5.985074e-068
244.700000	-0.113140	-5.164640	0.000000	4.966226e+019	6.254722e-068
244.800000	-0.112003	-5.163503	0.000000	4.910244e+019	6.534216e-068
244.900000	-0.110875	-5.162375	0.000000	4.854465e+019	6.823821e-068
245.000000	-0.109757	-5.161257	0.000000	4.798900e+019	7.123807e-068
245.100000	-0.108647	-5.160147	0.000000	4.743561e+019	7.434449e-068
245.200000	-0.107546	-5.159046	0.000000	4.688461e+019	7.756024e-068
245.300000	-0.106454	-5.157954	0.000000	4.633611e+019	8.088815e-068
245.400000	-0.105370	-5.156870	0.000000	4.579020e+019	8.433109e-068
245.500000	-0.104295	-5.155795	0.000000	4.524701e+019	8.789198e-068
245.600000	-0.103228	-5.154728	0.000000	4.470661e+019	9.157378e-068
245.700000	-0.102169	-5.153669	0.000000	4.416912e+019	9.537950e-068
245.800000	-0.101119	-5.152619	0.000000	4.363462e+019	9.931220e-068
245.900000	-0.100076	-5.151576	0.000000	4.310320e+019	1.033750e-067
246.000000	-0.099042	-5.150542	0.000000	4.257495e+019	1.075710e-067
246.100000	-0.098015	-5.149515	0.000000	4.204994e+019	1.119034e-067
246.200000	-0.096996	-5.148496	0.000000	4.152826e+019	1.163754e-067
246.300000	-0.095985	-5.147485	0.000000	4.100997e+019	1.209905e-067
246.400000	-0.094982	-5.146482	0.000000	4.049515e+019	1.257518e-067
246.500000	-0.093985	-5.145485	0.000000	3.998387e+019	1.306628e-067
246.600000	-0.092997	-5.144497	0.000000	3.947619e+019	1.357270e-067
246.700000	-0.092015	-5.143515	0.000000	3.897217e+019	1.409478e-067
246.800000	-0.091041	-5.142541	0.000000	3.847187e+019	1.463287e-067
246.900000	-0.090074	-5.141574	0.000000	3.797533e+019	1.518735e-067
247.000000	-0.089114	-5.140614	0.000000	3.748262e+019	1.575857e-067
247.100000	-0.088161	-5.139661	0.000000	3.699379e+019	1.634691e-067
247.200000	-0.087215	-5.138715	0.000000	3.650887e+019	1.695273e-067
247.300000	-0.086276	-5.137776	0.000000	3.602791e+019	1.757644e-067
247.400000	-0.085343	-5.136843	0.000000	3.555095e+019	1.821840e-067
247.500000	-0.084417	-5.135917	0.000000	3.507803e+019	1.887903e-067
247.600000	-0.083497	-5.134997	0.000000	3.460918e+019	1.955871e-067
247.700000	-0.082584	-5.134084	0.000000	3.414444e+019	2.025786e-067
247.800000	-0.081677	-5.133177	0.000000	3.368383e+019	2.097688e-067
247.900000	-0.080777	-5.132277	0.000000	3.322738e+019	2.171620e-067
248.000000	-0.079882	-5.131382	0.000000	3.277512e+019	2.247624e-067
248.100000	-0.078994	-5.130494	0.000000	3.232707e+019	2.325743e-067
248.200000	-0.078112	-5.129612	0.000000	3.188325e+019	2.406021e-067
248.300000	-0.077235	-5.128735	0.000000	3.144367e+019	2.488504e-067
248.400000	-0.076365	-5.127865	0.000000	3.100836e+019	2.573235e-067
248.500000	-0.075500	-5.127000	0.000000	3.057732e+019	2.660261e-067
248.600000	-0.074641	-5.126141	0.000000	3.015058e+019	2.749629e-067
248.700000	-0.073788	-5.125288	0.000000	2.972813e+019	2.841387e-067
248.800000	-0.072940	-5.124440	0.000000	2.930998e+019	2.935581e-067
248.900000	-0.072097	-5.123597	0.000000	2.889615e+019	3.032262e-067
249.000000	-0.071260	-5.122760	0.000000	2.848664e+019	3.131480e-067
249.100000	-0.070428	-5.121928	0.000000	2.808145e+019	3.233284e-067
249.200000	-0.069602	-5.121102	0.000000	2.768057e+019	3.337726e-067
249.300000	-0.068780	-5.120280	0.000000	2.728402e+019	3.444859e-067
249.400000	-0.067964	-5.119464	0.000000	2.689178e+019	3.554736e-067
249.500000	-0.067153	-5.118653	0.000000	2.650385e+019	3.667410e-067
249.600000	-0.066346	-5.117846	0.000000	2.612024e+019	3.782937e-067
249.700000	-0.065545	-5.117045	0.000000	2.574092e+019	3.901372e-067
249.800000	-0.064748	-5.116248	0.000000	2.536589e+019	4.022773e-067
249.900000	-0.063956	-5.115456	0.000000	2.499515e+019	4.147197e-067
250.000000	-0.063169	-5.114669	0.000000	2.462868e+019	4.274702e-067
250.100000	-0.062386	-5.113886	0.000000	2.426646e+019	4.405349e-067
250.200000	-0.061608	-5.113108	0.000000	2.390850e+019	4.539198e-067
250.300000	-0.060834	-5.112334	0.000000	2.355476e+019	4.676311e-067
250.400000	-0.060065	-5.111565	0.000000	2.320524e+019	4.816751e-067
250.500000	-0.059300	-5.110800	0.000000	2.285992e+019	4.960582e-067
250.600000	-0.058539	-5.110039	0.000000	2.251877e+019	5.107868e-067
250.700000	-0.057782	-5.109282	0.000000	2.218179e+019	5.258677e-067
250.800000	-0.057030	-5.108530	0.000000	2.184896e+019	5.413076e-067
250.900000	-0.056282	-5.107782	0.000000	2.152024e+019	5.571132e-067
251.000000	-0.055537	-5.107037	0.000000	2.119562e+019	5.732917e-067
251.100000	-0.054797	-5.106297	0.000000	2.087508e+019	5.898501e-067
251.200000	-0.054061	-5.105561	0.000000	2.055859e+019	6.067956e-067
251.300000	-0.053328	-5.104828	0.000000	2.024614e+019	6.241356e-067
251.400000	-0.052599	-5.104099	0.000000	1.993769e+019	6.418775e-067
251.500000	-0.051874	-5.103374	0.000000	1.963321e+019	6.600291e-067
251.600000	-0.051153	-5.102653	0.000000	1.933269e+019	6.785981e-067
251.700000	-0.050435	-5.101935	0.000000	1.903610e+019	6.975924e-067
251.800000	-0.049721	-5.101221	0.000000	1.874340e+019	7.170200e-067
251.900000	-0.049010	-5.100510	0.000000	1.845458e+019	7.368892e-067
252.000000	-0.048303	-5.099803	0.000000	1.816960e+019	7.572083e-067
252.100000	-0.047599	-5.099099	0.000000	1.788843e+019	7.779858e-067
252.200000	-0.046899	-5.098399	0.000000	1.761105e+019	7.992303e-067
252.300000	-0.046202	-5.097702	0.000000	1.733741e+019	8.209507e-067
252.400000	-0.045508	-5.097008	0.000000	1.706751e+019	8.431560e-067
252.500000	-0.044817	-5.096317	0.000000	1.680129e+019	8.658554e-067
252.600000	-0.044129	-5.095629	0.000000	1.653873e+019	8.890581e-067
252.700000	-0.043445	-5.094945	0.000000	1.627981e+019	9.127736e-067
252.800000	-0.042764	-5.094264	0.000000	1.602448e+019	9.370116e-067
252.900000	-0.042085	-5.093585	0.000000	1.577271e+019	9.617820e-067
253.000000	-0.041410	-5.092910	0.000000	1.552448e+019	9.870948e-067
253.100000	-0.040737	-5.092237	0.000000	1.527975e+019	1.012960e-066
253.200000	-0.040068	-5.091568	0.000000	1.503849e+019	1.039389e-066
253.300000	-0.039401	-5.090901	0.000000	1.480065e+019	1.066391e-066
253.400000	-0.038737	-5.090237	0.000000	1.456622e+019	1.093978e-066
253.500000	-0.038075	-5.089575	0.000000	1.433516e+019	1.122160e-066
253.600000	-0.037417	-5.088917	0.000000	1.410742e+019	1.150949e-066
253.700000	-0.036761	-5.088261	0.000000	1.388299e+019	1.180356e-066
253.800000	-0.036107	-5.087607	0.000000	1.366182e+019	1.210393e-066
253.900000	-0.035457	-5.086957	0.000000	1.344388e+019	1.241071e-066
254.000000	-0.034808	-5.086308	0.000000	1.322913e+019	1.272404e-066
254.100000	-0.034163	-5.085663	0.000000	1.301755e+019	1.304403e-066
254.200000	-0.033519	-5.085019	0.000000	1.280910e+019	1.337080e-066
254.300000	-0.032878	-5.084378	0.000000	1.260374e+019	1.370449e-066
254.400000	-0.032240	-5.083740	0.000000	1.240144e+019	1.404523e-066
254.500000	-0.031604	-5.083104	0.000000	1.220216e+019	1.439314e-066
254.600000	-0.030970	-5.082470	0.000000	1.200587e+019	1.474837e-066
254.700000	-0.030338	-5.081838	0.000000	1.181254e+019	1.511106e-066
254.800000	-0.029709	-5.081209	0.000000	1.162213e+019	1.548133e-066
254.900000	-0.029081	-5.080581	0.000000	1.143461e+019	1.585935e-066
255.000000	-0.028456	-5.079956	0.000000	1.124994e+019	1.624525e-066
255.100000	-0.027833	-5.079333	0.000000	1.106809e+019	1.663918e-066
255.200000	-0.027213	-5.078713	0.000000	1.088903e+019	1.704129e-066
255.300000	-0.026594	-5.078094	0.000000	1.071271e+019	1.745175e-066
255.400000	-0.025977	-5.077477	0.000000	1.053911e+019	1.787070e-066
255.500000	-0.025362	-5.076862	0.000000	1.036820e+019	1.829832e-066
255.600000	-0.024749	-5.076249	0.000000	1.019994e+019	1.873475e-066
255.700000	-0.024138	-5.075638	0.000000	1.003429e+019	1.918018e-066
255.800000	-0.023529	-5.075029	0.000000	9.871227e+018	1.963476e-066
255.900000	-0.022922	-5.074422	0.000000	9.710713e+018	2.009868e-066
256.000000	-0.022317	-5.073817	0.000000	9.552717e+018	2.057211e-066
256.100000	-0.021713	-5.073213	0.000000	9.397205e+018	2.105523e-066
256.200000	-0.021112	-5.072612	0.000000	9.244145e+018	2.154822e-066
256.300000	-0.020512	-5.072012	0.000000	9.093504e+018	2.205128e-066
256.400000	-0.019913	-5.071413	0.000000	8.945251e+018	2.256459e-066
256.500000	-0.019317	-5.070817	0.000000	8.799353e+018	2.308835e-066
256.600000	-0.018722	-5.070222	0.000000	8.655779e+018	2.362275e-066
256.700000	-0.018128	-5.069628	0.000000	8.514496e+018	2.416800e-066
256.800000	-0.017537	-5.069037	0.000000	8.375474e+018	2.472431e-066
256.900000	-0.016947	-5.068447	0.000000	8.238682e+018	2.529188e-066
257.000000	-0.016358	-5.067858	0.000000	8.104088e+018	2.587094e-066
257.100000	-0.015771	-5.067271	0.000000	7.971661e+018	2.646168e-066
257.200000	-0.015186	-5.066686	0.000000	7.841373e+018	2.706435e-066
257.300000	-0.014602	-5.066102	0.000000	7.713191e+018	2.767917e-066
257.400000	-0.014019	-5.065519	0.000000	7.587087e+018	2.830636e-066
257.500000	-0.013438	-5.064938	0.000000	7.463031e+018	2.894616e-066
257.600000	-0.012858	-5.064358	0.000000	7.340993e+018	2.959882e-066
257.700000	-0.012280	-5.063780	0.000000	7.220944e+018	3.026457e-066
257.800000	-0.011703	-5.063203	0.000000	7.102855e+018	3.094368e-066
257.900000	-0.011127	-5.062627	0.000000	6.986698e+018	3.163638e-066
258.000000	-0.010553	-5.062053	0.000000	6.872444e+018	3.234294e-066
258.100000	-0.009980	-5.061480	0.000000	6.760065e+018	3.306363e-066
258.200000	-0.009408	-5.060908	0.000000	6.649533e+018	3.379872e-066
258.300000	-0.008838	-5.060338	0.000000	6.540822e+018	3.454847e-066
258.400000	-0.008269	-5.059769	0.000000	6.433903e+018	3.531316e-066
258.500000	-0.007701	-5.059201	0.000000	6.328750e+018	3.609309e-066
258.600000	-0.007134	-5.058634	0.000000	6.225335e+018	3.688855e-066
258.700000	-0.006568	-5.058068	0.000000	6.123633e+018	3.769982e-066
258.800000	-0.006004	-5.057504	0.000000	6.023618e+018	3.852721e-066
258.900000	-0.005440	-5.056940	0.000000	5.925263e+018	3.937103e-066
259.000000	-0.004878	-5.056378	0.000000	5.828543e+018	4.023160e-066
259.100000	-0.004317	-5.055817	0.000000	5.733432e+018	4.110922e-066
259.200000	-0.003757	-5.055257	0.000000	5.639907e+018	4.200423e-066
259.300000	-0.003198	-5.054698	0.000000	5.547941e+018	4.291696e-066
259.400000	-0.002640	-5.054140	0.000000	5.457511e+018	4.384775e-066
259.500000	-0.002084	-5.053584	0.000000	5.368592e+018	4.479694e-066
259.600000	-0.001528	-5.053028	0.000000	5.281162e+018	4.576488e-066
259.700000	-0.000973	-5.052473	0.000000	5.195195e+018	4.675193e-066
259.800000	-0.000419	-5.051919	0.000000	5.110669e+018	4.775846e-066
259.900000	0.000134	-5.051366	0.000000	5.027561e+018	4.878483e-066
260.000000	0.000686	-5.050814	0.000000	4.945848e+018	4.983143e-066
265.000000	0.027082	-5.024418	0.000000	2.236807e+018	1.375350e-065
270.000000	0.052408	-4.999092	0.000000	1.049223e+018	3.642968e-065
275.000000	0.077230	-4.974270	0.000000	4.998699e+017	9.464010e-065
280.000000	0.101811	-4.949689	0.000000	2.348821e+017	2.435943e-064
285.000000	0.126278	-4.925222	0.000000	1.068620e+017	6.242524e-064
290.000000	0.150694	-4.900806	0.000000	4.682496e+016	1.596567e-063
295.000000	0.175087	-4.876413	0.000000	1.982348e+016	4.079747e-063
300.000000	0.199470	-4.852030	0.000000	8.164271e+015	1.042120e-062
305.000000	0.223849	-4.827651	0.000000	3.295863e+015	2.661557e-062
310.000000	0.248226	-4.803274	0.000000	1.312805e+015	6.797148e-062
315.000000	0.272603	-4.778897	0.000000	5.185489e+014	1.735829e-061
320.000000	0.296979	-4.754521	0.000000	2.038104e+014	4.432847e-061
325.000000	0.321356	-4.730144	0.000000	7.988121e+013	1.132027e-060
330.000000	0.345732	-4.705768	0.000000	3.126030e+013	2.890882e-060
335.000000	0.370108	-4.681392	0.000000	1.222306e+013	7.382504e-060
340.000000	0.394485	-4.657015	0.000000	4.777199e+012	1.885284e-059
345.000000	0.418861	-4.632639	0.000000	1.866659e+012	4.814487e-059
350.000000	0.443237	-4.608263	0.000000	7.292958e+011	1.229485e-058
355.000000	0.467614	-4.583886	0.000000	2.849154e+011	3.139758e-058
360.000000	0.491990	-4.559510	0.000000	1.113051e+011	8.018060e-058
365.000000	0.516366	-4.535134	0.000000	4.348186e+010	2.047587e-057
370.000000	0.540742	-4.510758	0.000000	1.698628e+010	5.228963e-057
375.000000	0.565119	-4.486381	0.000000	6.635705e+009	1.335330e-056
380.000000	0.589495	-4.462005	0.000000	2.592241e+009	3.410058e-056
385.000000	0.613871	-4.437629	0.000000	1.012659e+009	8.708329e-056
390.000000	0.638248	-4.413252	0.000000	3.955954e+008	2.223863e-055
395.000000	0.662624	-4.388876	0.000000	1.545389e+008	5.679120e-055
400.000000	0.687000	-4.364500	0.000000	6.036999e+007	1.450288e-054
405.000000	0.711377	-4.340123	0.000000	2.358312e+007	3.703627e-054
410.000000	0.735753	-4.315747	0.000000	9.212488e+006	9.458023e-054
415.000000	0.760129	-4.291371	0.000000	3.598561e+006	2.415313e-053
420.000000	0.784506	-4.266994	0.000000	1.405411e+006	6.168031e-053
425.000000	0.808882	-4.242618	0.000000	5.487024e+005	1.575142e-052
430.000000	0.833258	-4.218242	0.000000	2.141385e+005	4.022470e-052
435.000000	0.857635	-4.193865	0.000000	8.351651e+004	1.027226e-051
440.000000	0.882011	-4.169489	0.000000	3.250927e+004	2.623246e-051
445.000000	0.906387	-4.145113	0.000000	1.258394e+004	6.699032e-051
450.000000	0.930764	-4.120736	0.000000	4.811327e+003	1.710745e-050
455.000000	0.955140	-4.096360	0.000000	1.800129e+003	4.368761e-050
460.000000	0.979516	-4.071984	0.000000	6.523499e+002	1.115659e-049
465.000000	1.003893	-4.047607	0.000000	2.268303e+002	2.849079e-049
470.000000	1.028269	-4.023231	0.000000	7.511121e+001	7.275747e-049
475.000000	1.052645	-3.998855	0.000000	2.356144e+001	1.858021e-048
480.000000	1.077021	-3.974479	0.000000	6.978814e+000	4.744864e-048
485.000000	1.101398	-3.950102	0.000000	1.948623e+000	1.211705e-047
490.000000	1.125774	-3.925726	0.000000	5.126583e-001	3.094354e-047
495.000000	1.150150	-3.901350	0.000000	1.271198e-001	7.902111e-047
500.000000	1.174527	-3.876973	0.000000	2.973300e-002	2.017977e-046
505.000000	1.198903	-3.852597	0.000000	6.567454e-003	5.153346e-046
510.000000	1.223279	-3.828221	0.000000	1.371703e-003	1.316020e-045
515.000000	1.247656	-3.803844	0.000000	2.712942e-004	3.360745e-045
520.000000	1.272032	-3.779468	0.000000	5.088202e-005	8.582398e-045
525.000000	1.296408	-3.755092	0.000000	9.062673e-006	2.191703e-044
530.000000	1.320785	-3.730715	0.000000	1.535071e-006	5.596994e-044
535.000000	1.345161	-3.706339	0.000000	2.476136e-007	1.429315e-043
540.000000	1.369537	-3.681963	0.000000	3.808604e-008	3.650069e-043
545.000000	1.393914	-3.657586	0.000000	5.593074e-009	9.321250e-043
550.000000	1.418290	-3.633210	0.000000	7.851490e-010	2.380385e-042
555.000000	1.442666	-3.608834	0.000000	1.054800e-010	6.078835e-042
560.000000	1.467043	-3.584457	0.000000	1.357628e-011	1.552364e-041
565.000000	1.491419	-3.560081	0.000000	1.675861e-012	3.964300e-041
570.000000	1.515795	-3.535705	0.000000	1.985974e-013	1.012371e-040
575.000000	1.540172	-3.511328	0.000000	2.261516e-014	2.585311e-040
580.000000	1.564548	-3.486952	0.000000	2.476903e-015	6.602157e-040
585.000000	1.588924	-3.462576	0.000000	2.611416e-016	1.686005e-039
590.000000	1.613300	-3.438200	0.000000	2.652522e-017	4.305584e-039
595.000000	1.637677	-3.413823	0.000000	2.597762e-018	1.099525e-038
600.000000	1.662053	-3.389447	0.000000	2.454846e-019	2.807878e-038
605.000000	1.686429	-3.365071	0.000000	2.239991e-020	7.170532e-038
610.000000	1.710806	-3.340694	0.000000	1.974991e-021	1.831152e-037
615.000000	1.735182	-3.316318	0.000000	1.683713e-022	4.676249e-037
620.000000	1.759558	-3.291942	0.000000	1.388772e-023	1.194182e-036
625.000000	1.783935	-3.267565	0.000000	1.108967e-024	3.049606e-036
630.000000	1.808311	-3.243189	0.000000	8.577978e-026	7.787838e-036
635.000000	1.832687	-3.218813	0.000000	6.430948e-027	1.988795e-035
640.000000	1.857064	-3.194436	0.000000	4.675459e-028	5.078823e-035
645.000000	1.881440	-3.170060	0.000000	3.298068e-029	1.296989e-034
650.000000	1.905816	-3.145684	0.000000	2.258395e-030	3.312145e-034
655.000000	1.930193	-3.121307	0.000000	1.501952e-031	8.458287e-034
660.000000	1.954569	-3.096931	0.000000	9.705813e-033	2.160009e-033
665.000000	1.978945	-3.072555	0.000000	6.097112e-034	5.516055e-033
670.000000	2.003322	-3.048178	0.000000	3.724972e-035	1.408646e-032
675.000000	2.027698	-3.023802	0.000000	2.214178e-036	3.597285e-032
680.000000	2.052074	-2.999426	0.000000	1.281064e-037	9.186454e-032
685.000000	2.076451	-2.975049	0.000000	7.217227e-039	2.345962e-031
690.000000	2.100827	-2.950673	0.000000	3.960757e-040	5.990928e-031
695.000000	2.125203	-2.926297	0.000000	2.118161e-041	1.529915e-030
700.000000	2.149580	-2.901920	0.000000	1.104235e-042	3.906972e-030
705.000000	2.173956	-2.877544	0.000000	5.614493e-044	9.977309e-030
710.000000	2.198332	-2.853168	0.000000	2.783946e-045	2.547924e-029
715.000000	2.222708	-2.828792	0.000000	1.349443e-046	6.506683e-029
720.000000	2.247085	-2.804415	0.000000	6.368771e-048	1.661624e-028
725.000000	2.271461	-2.780039	0.000000	3.059957e-049	4.243321e-028
730.000000	2.295837	-2.755663	0.000000	1.386682e-050	1.083625e-027
735.000000	2.320214	-2.731286	0.000000	1.056720e-051	2.767273e-027
740.000000	2.344590	-2.706910	0.000000	2.661911e-053	7.066838e-027
745.000000	2.368966	-2.682534	0.000000	8.418858e-054	1.804672e-026
750.000000	2.393343	-2.658157	0.000000	1.710660e-055	4.608625e-026
755.000000	2.417719	-2.633781	0.000000	3.350753e-054	1.176913e-025
760.000000	2.442095	-2.609405	0.000000	6.170371e-056	3.005506e-025
765.000000	2.466472	-2.585028	0.000000	1.267425e-055	7.675217e-025
770.000000	2.490848	-2.560652	0.000000	1.844920e-056	1.960035e-024
775.000000	2.515224	-2.536276	0.000000	4.808585e-057	5.005378e-024
780.000000	2.539601	-2.511899	0.000000	2.556204e-057	1.278233e-023
785.000000	2.563977	-2.487523	0.000000	4.335161e-057	3.264248e-023
790.000000	2.588353	-2.463147	0.000000	3.172939e-058	8.335971e-023
795.000000	2.612730	-2.438770	0.000000	3.789378e-060	2.128773e-022
800.000000	2.637106	-2.414394	0.000000	7.207469e-059	5.436287e-022
805.000000	2.661482	-2.390018	0.000000	3.256323e-057	1.388275e-021
810.000000	2.685859	-2.365641	0.000000	6.148051e-057	3.545264e-021
815.000000	2.710235	-2.341265	0.000000	7.233174e-057	9.053608e-021
820.000000	2.734611	-2.316889	0.000000	2.719834e-057	2.312037e-020
825.000000	2.758987	-2.292513	0.000000	2.306721e-057	5.904293e-020
830.000000	2.783364	-2.268136	0.000000	7.218002e-058	1.507791e-019
835.000000	2.807740	-2.243760	0.000000	1.583221e-058	3.850473e-019
840.000000	2.832116	-2.219384	0.000000	3.162164e-058	9.833027e-019
845.000000	2.856493	-2.195007	0.000000	6.764392e-059	2.511079e-018
850.000000	2.880869	-2.170631	0.000000	4.973750e-059	6.412589e-018
855.000000	2.905245	-2.146255	0.000000	6.660402e-060	1.637595e-017
860.000000	2.929622	-2.121878	0.000000	2.993864e-062	4.181958e-017
865.000000	2.953998	-2.097502	0.000000	2.046973e-061	1.067954e-016
870.000000	2.978374	-2.073126	0.000000	6.334149e-062	2.727256e-016
875.000000	3.002751	-2.048749	0.000000	1.645494e-063	6.964644e-016
880.000000	3.027127	-2.024373	0.000000	3.242672e-065	1.778574e-015
885.000000	3.051503	-1.999997	0.000000	2.332700e-064	4.541979e-015
890.000000	3.075880	-1.975620	0.000000	8.418292e-066	1.159894e-014
895.000000	3.100256	-1.951244	0.000000	7.102774e-065	2.962043e-014
900.000000	3.124632	-1.926868	0.000000	1.553605e-065	7.564225e-014
905.000000	3.149009	-1.902491	0.000000	1.434630e-066	1.931691e-013
910.000000	3.173385	-1.878115	0.000000	3.769226e-068	4.932995e-013
915.000000	3.197761	-1.853739	0.000000	1.167749e-068	1.259748e-012
920.000000	3.222138	-1.829362	0.000000	4.279364e-070	3.217043e-012
925.000000	3.246514	-1.804986	0.000000	4.172541e-070	8.215424e-012
930.000000	3.270890	-1.780610	0.000000	1.626502e-070	2.097988e-011
935.000000	3.295266	-1.756234	0.000000	1.065303e-071	5.357673e-011
940.000000	3.319643	-1.731857	0.000000	3.741136e-073	1.368199e-010
945.000000	3.344019	-1.707481	0.000000	9.917639e-074	3.493996e-010
950.000000	3.368395	-1.683105	0.000000	5.739497e-077	8.922684e-010
955.000000	3.392772	-1.658728	0.000000	5.863243e-076	2.278603e-009
960.000000	3.417148	-1.634352	0.000000	6.642935e-078	5.818911e-009
965.000000	3.441524	-1.609976	0.000000	7.162775e-079	1.485986e-008
970.000000	3.465901	-1.585599	0.000000	7.866608e-079	3.794791e-008
975.000000	3.490277	-1.561223	0.000000	1.221759e-081	9.690831e-008
980.000000	3.514653	-1.536847	0.000000	1.328317e-080	2.474766e-007
985.000000	3.539030	-1.512470	0.000000	1.059245e-081	6.319856e-007
990.000000	3.563406	-1.488094	0.000000	3.961839e-083	1.613914e-006
995.000000	3.587782	-1.463718	0.000000	4.191931e-085	4.121482e-006
1000.000000	3.612159	-1.439341	0.000000	9.548774e-085	1.052511e-005
1005.000000	3.636535	-1.414965	0.000000	3.622273e-088	2.687817e-005
1010.000000	3.660911	-1.390589	0.000000	2.598076e-087	6.863928e-005
1015.000000	3.685288	-1.366212	0.000000	3.072736e-088	1.752854e-004
1020.000000	3.709664	-1.341836	0.000000	3.394665e-090	4.476297e-004
1025.000000	3.734040	-1.317460	0.000000	1.062550e-089	1.143121e-003
1030.000000	3.758417	-1.293083	0.000000	6.218529e-091	2.919209e-003
1035.000000	3.782793	-1.268707	0.000000	4.763841e-093	7.454839e-003
1040.000000	3.807169	-1.244331	0.000000	1.013824e-091	1.903756e-002
1045.000000	3.831545	-1.219955	0.000000	3.963246e-094	4.861658e-002
1050.000000	3.855922	-1.195578	0.000000	7.029310e-094	1.241531e-001
1055.000000	3.880298	-1.171202	0.000000	4.047643e-094	3.170521e-001
1060.000000	3.904674	-1.146826	0.000000	5.723858e-094	8.096620e-001
1065.000000	3.929051	-1.122449	0.000000	1.300089e-094	2.067649e+000
1070.000000	3.953427	-1.098073	0.000000	1.293273e-095	5.280195e+000
1075.000000	3.977803	-1.073697	0.000000	2.494726e-098	1.348413e+001
1080.000000	4.002180	-1.049320	0.000000	3.880331e-099	3.443469e+001
1085.000000	4.026556	-1.024944	0.000000	9.833645e-099	8.793652e+001
1090.000000	4.050932	-1.000568	0.000000	1.178440e-099	2.245652e+002
1095.000000	4.075309	-0.976191	0.000000	8.749072e-100	5.734763e+002
1100.000000	4.099685	-0.951815	0.000000	1.650326e-100	1.464497e+003
1105.000000	4.124061	-0.927439	0.000000	3.885709e-101	3.739915e+003
1110.000000	4.148438	-0.903062	0.000000	3.971577e-104	9.550691e+003
1115.000000	4.172814	-0.878686	0.000000	3.726092e-102	2.438978e+004
1120.000000	4.197190	-0.854310	0.000000	1.494565e-108	6.228464e+004
1125.000000	4.221567	-0.829933	0.000000	2.961672e-103	1.590575e+005
1130.000000	4.245943	-0.805557	0.000000	4.178794e-105	4.061881e+005
1135.000000	4.270319	-0.781181	0.000000	7.459833e-108	1.037290e+006
1140.000000	4.294696	-0.756804	0.000000	1.025173e-110	2.648948e+006
1145.000000	4.319072	-0.732428	0.000000	1.250159e-109	6.764668e+006
1150.000000	4.343448	-0.708052	0.000000	2.373791e-108	1.727506e+007
1155.000000	4.367824	-0.683676	0.000000	2.691179e-111	4.411565e+007
1160.000000	4.392201	-0.659299	0.000000	3.373583e-111	1.126590e+008
1165.000000	4.416577	-0.634923	0.000000	2.400419e-112	2.876994e+008
1170.000000	4.440953	-0.610547	0.000000	2.053031e-114	7.347034e+008
1175.000000	4.465330	-0.586170	0.000000	3.526663e-117	1.876226e+009
1180.000000	4.489706	-0.561794	0.000000	4.631766e-116	4.791354e+009
1185.000000	4.514082	-0.537418	0.000000	2.510169e-116	1.223577e+010
1190.000000	4.538459	-0.513041	0.000000	4.388520e-117	3.124672e+010
1195.000000	4.562835	-0.488665	0.000000	1.897679e-119	7.979534e+010
1200.000000	4.587211	-0.464289	0.000000	4.861614e-120	2.037749e+011
1205.000000	4.611588	-0.439912	0.000000	1.821859e-120	5.203838e+011
1210.000000	4.635964	-0.415536	0.000000	2.271424e-124	1.328914e+012
1215.000000	4.660340	-0.391160	0.000000	1.975837e-124	3.393673e+012
1220.000000	4.684717	-0.366783	0.000000	7.949446e-124	8.666488e+012
1225.000000	4.709093	-0.342407	0.000000	1.607770e-125	2.213178e+013
1230.000000	4.733469	-0.318031	0.000000	1.250692e-126	5.651838e+013
1235.000000	4.757846	-0.293654	0.000000	1.389933e-128	1.443323e+014
1240.000000	4.782222	-0.269278	0.000000	1.894432e-130	3.685858e+014
1245.000000	4.806599	-0.244901	0.000000	1.862767e-129	9.412748e+014
1250.000000	4.830976	-0.220524	0.000000	1.756019e-132	2.403819e+015
1255.000000	4.855354	-0.196146	0.000000	1.172583e-132	6.139118e+015
1260.000000	4.879735	-0.171765	0.000000	7.451789e-133	1.568045e+016
1265.000000	4.904123	-0.147377	0.000000	8.019696e-134	4.006214e+016
1270.000000	4.928531	-0.122969	0.000000	2.950807e-135	1.024292e+017
1275.000000	4.952986	-0.098514	0.000000	8.340138e-137	2.623700e+017
1280.000000	4.977564	-0.073936	0.000000	5.226740e-137	6.752292e+017
1285.000000	5.002455	-0.049045	0.000000	2.245077e-139	1.758865e+018
1290.000000	5.028158	-0.023342	0.000000	2.436981e-142	4.726671e+018
1295.000000	5.055991	0.004491	0.000000	1.274765e-142	1.378715e+019
1300.000000	5.089624	0.038124	0.000000	6.665844e-144	5.026446e+019
1305.000000	5.138265	0.086765	0.000000	4.098392e-145	3.263938e+020
1310.000000	5.197143	0.145643	0.000000	8.324705e-148	3.142186e+021
1315.000000	5.256698	0.205198	0.000000	3.787855e-147	3.104684e+022
1320.000000	5.316258	0.264758	0.000000	5.564778e-148	3.068120e+023
1325.000000	5.375817	0.324317	0.000000	4.425827e-152	3.031987e+024
1330.000000	5.435376	0.383876	0.000000	8.997386e-151	2.996279e+025
1335.000000	5.494935	0.443435	0.000000	9.549315e-153	2.960992e+026
1340.000000	5.554494	0.502994	0.000000	4.756270e-156	2.926120e+027
1345.000000	5.614054	0.562554	0.000000	6.953367e-155	2.891659e+028
1350.000000	5.673613	0.622113	0.000000	1.572669e-156	2.857604e+029
1355.000000	5.733172	0.681672	0.000000	4.398823e-159	2.823950e+030
1360.000000	5.792731	0.741231	0.000000	3.703215e-159	2.790692e+031
1365.000000	5.852290	0.800790	0.000000	1.138315e-163	2.757826e+032
1370.000000	5.911850	0.860350	0.000000	6.291878e-162	2.725347e+033
1375.000000	5.971409	0.919909	0.000000	1.593961e-163	2.693251e+034
1380.000000	6.030968	0.979468	0.000000	7.197478e-166	2.661532e+035
1385.000000	6.090527	1.039027	0.000000	1.439374e-171	2.630187e+036
1390.000000	6.150086	1.098586	0.000000	3.056257e-168	2.599212e+037
1395.000000	6.209646	1.158146	0.000000	5.348244e-170	2.568601e+038
1400.000000	6.269205	1.217705	0.000000	1.799814e-169	2.538350e+039
1405.000000	6.328764	1.277264	0.000000	5.869877e-173	2.508456e+040
1410.000000	6.388323	1.336823	0.000000	1.043317e-174	2.478914e+041
1415.000000	6.447882	1.396382	0.000000	7.343304e-175	2.449720e+042
1420.000000	6.507441	1.455941	0.000000	2.088659e-176	2.420869e+043
1425.000000	6.567001	1.515501	0.000000	1.208102e-178	2.392359e+044
1430.000000	6.626560	1.575060	0.000000	3.991268e-181	2.364184e+045
1435.000000	6.686119	1.634619	0.000000	3.363073e-181	2.336341e+046
1440.000000	6.745678	1.694178	0.000000	2.406627e-184	2.308825e+047
1445.000000	6.805237	1.753737	0.000000	5.184553e-183	2.281634e+048
1450.000000	6.864797	1.813297	0.000000	4.227534e-187	2.254764e+049
1455.000000	6.924356	1.872856	0.000000	4.175185e-186	2.228209e+050
1460.000000	6.983915	1.932415	0.000000	1.400431e-187	2.201967e+051
1465.000000	7.043474	1.991974	0.000000	9.080300e-190	2.176035e+052
1470.000000	7.103033	2.051533	0.000000	3.323496e-192	2.150408e+053
1475.000000	7.162593	2.111093	0.000000	4.405613e-194	2.125082e+054
1480.000000	7.222152	2.170652	0.000000	2.802512e-194	2.100055e+055
1485.000000	7.281711	2.230211	0.000000	2.741438e-197	2.075323e+056
1490.000000	7.341270	2.289770	0.000000	8.694177e-201	2.050882e+057
1495.000000	7.400829	2.349329	0.000000	2.895210e-203	2.026728e+058
1500.000000	7.460389	2.408889	0.000000	1.066141e-203	2.002859e+059
1505.000000	7.519948	2.468448	0.000000	2.268954e-204	1.979272e+060
1510.000000	7.579507	2.528007	0.000000	8.010714e-206	1.955962e+061
1515.000000	7.639066	2.587566	0.000000	4.209036e-208	1.932926e+062
1520.000000	7.698625	2.647125	0.000000	4.795024e-209	1.910162e+063
1525.000000	7.758185	2.706685	0.000000	1.153618e-210	1.887666e+064
1530.000000	7.817744	2.766244	0.000000	4.783161e-213	1.865435e+065
1535.000000	7.877303	2.825803	0.000000	3.264039e-214	1.843466e+066
1540.000000	7.936862	2.885362	0.000000	1.050225e-213	1.821755e+067
1545.000000	7.996421	2.944921	0.000000	2.077287e-217	1.800301e+068
1550.000000	8.055980	3.004480	0.000000	7.245312e-217	1.779098e+069
1555.000000	8.115540	3.064040	0.000000	2.104961e-220	1.758146e+070
1560.000000	8.175099	3.123599	0.000000	7.717399e-222	1.737440e+071
1565.000000	8.234658	3.183158	0.000000	3.030350e-224	1.716978e+072
1570.000000	8.294217	3.242717	0.000000	6.779562e-225	1.696757e+073
1575.000000	8.353776	3.302276	0.000000	2.368787e-229	1.676775e+074
1580.000000	8.413336	3.361836	0.000000	1.062555e-231	1.657027e+075
1585.000000	8.472895	3.421395	0.000000	7.623432e-231	1.637512e+076
1590.000000	8.532454	3.480954	0.000000	4.521167e-234	1.618227e+077
1595.000000	8.592013	3.540513	0.000000	1.578713e-237	1.599169e+078
1600.000000	8.651572	3.600072	0.000000	2.265644e-235	1.580336e+079
1605.000000	8.711132	3.659632	0.000000	1.295266e-236	1.561724e+080
1610.000000	8.770691	3.719191	0.000000	3.951973e-240	1.543332e+081
1615.000000	8.830250	3.778750	0.000000	1.370954e-240	1.525156e+082
1620.000000	8.889809	3.838309	0.000000	4.670053e-244	1.507194e+083
1625.000000	8.949368	3.897868	0.000000	8.277163e-247	1.489444e+084
1630.000000	9.008928	3.957428	0.000000	1.348033e-246	1.471903e+085
1635.000000	9.068487	4.016987	0.000000	4.155283e-248	1.454568e+086
1640.000000	9.128046	4.076546	0.000000	2.360366e-248	1.437438e+087
1645.000000	9.187605	4.136105	0.000000	5.805259e-253	1.420509e+088
1650.000000	9.247164	4.195664	0.000000	1.166056e-253	1.403779e+089
1655.000000	9.306724	4.255224	0.000000	2.541918e-255	1.387247e+090
1660.000000	9.366283	4.314783	0.000000	5.976501e-255	1.370910e+091
1665.000000	9.425842	4.374342	0.000000	3.192038e-258	1.354764e+092
1670.000000	9.485401	4.433901	0.000000	5.674594e-259	1.338809e+093
1675.000000	9.544960	4.493460	0.000000	2.073685e-261	1.323042e+094
1680.000000	9.604519	4.553019	0.000000	1.338110e-263	1.307461e+095
1685.000000	9.664079	4.612579	0.000000	4.833335e-269	1.292063e+096
1690.000000	9.723638	4.672138	0.000000	2.256160e-268	1.276846e+097
1695.000000	9.783197	4.731697	0.000000	1.328022e-270	1.261808e+098
1700.000000	9.842756	4.791256	0.000000	2.662406e-272	1.246948e+099
1705.000000	9.902315	4.850815	0.000000	1.699882e-272	1.232263e+100
1710.000000	9.961875	4.910375	0.000000	4.230350e-275	1.217750e+101
1715.000000	10.021434	4.969934	0.000000	3.040700e-276	1.203409e+102
1720.000000	10.080993	5.029493	0.000000	4.340217e-279	1.189236e+103
1725.000000	10.140552	5.089052	0.000000	1.835714e-281	1.175231e+104
1730.000000	10.718053	4.886853	0.000000	6.856458e-283	4.927896e+100
1740.000000	10.492865	4.661665	0.000000	1.395122e-285	8.534895e+096
1750.000000	10.267676	4.436476	0.000000	2.994544e-287	1.478205e+093
1760.000000	10.042488	4.211288	0.000000	1.517860e-292	2.560185e+089
1770.000000	9.817300	3.986100	0.000000	2.126337e-293	4.434125e+085
1780.000000	9.592111	3.760911	0.000000	1.395582e-297	7.679706e+081
1790.000000	9.366923	3.535723	0.000000	2.503078e-302	1.330090e+078
1800.000000	9.141735	3.310535	0.000000	1.567633e-305	2.303657e+074
1810.000000	8.916546	3.085346	0.000000	2.373900e-311	3.989830e+070
1820.000000	8.691358	2.860158	0.000000	8.528265e-319	6.910206e+066
1830.000000	8.466170	2.634970	0.000000	4.935721e-317	1.196817e+063
1840.000000	8.240981	2.409781	0.000000	9.438630e-320	2.072832e+059
1850.000000	8.015793	2.184593	0.000000	0.000000e+000	3.590053e+055
1860.000000	7.790605	1.959405	0.000000	0.000000e+000	6.217809e+051
1870.000000	7.565416	1.734216	0.000000	0.000000e+000	1.076897e+048
1880.000000	7.340228	1.509028	0.000000	0.000000e+000	1.865136e+044
1890.000000	7.115040	1.283840	0.000000	0.000000e+000	3.230332e+040
1900.000000	6.889851	1.058651	0.000000	0.000000e+000	5.594790e+036
1910.000000	6.664663	0.833463	0.000000	0.000000e+000	9.689925e+032
1920.000000	6.439475	0.608275	0.000000	0.000000e+000	1.678251e+029
1930.000000	6.214286	0.383086	0.000000	0.000000e+000	2.906656e+025
1940.000000	5.989204	0.158004	0.000000	0.000000e+000	5.054817e+021
1950.000000	5.849460	0.018260	0.000000	0.000000e+000	2.341340e+019
1960.000000	5.756478	-0.074722	0.000000	0.000000e+000	6.551269e+017
1970.000000	5.664817	-0.166383	0.000000	0.000000e+000	1.928681e+016
1980.000000	5.573196	-0.258004	0.000000	0.000000e+000	5.686524e+014
1990.000000	5.481575	-0.349625	0.000000	0.000000e+000	1.676690e+013
2000.000000	5.389955	-0.441245	0.000000	0.000000e+000	4.943779e+011
2010.000000	5.298334	-0.532866	0.000000	0.000000e+000	1.457691e+010
2020.000000	5.206714	-0.624486	0.000000	0.000000e+000	4.298054e+008
2030.000000	5.115094	-0.716106	0.000000	0.000000e+000	1.267297e+007
2040.000000	5.023473	-0.807727	0.000000	0.000000e+000	3.736669e+005
2050.000000	4.931853	-0.899347	0.000000	0.000000e+000	1.101770e+004
2060.000000	4.840232	-0.990968	0.000000	0.000000e+000	3.248609e+002
2070.000000	4.748612	-1.082588	0.000000	0.000000e+000	9.578640e+000
2080.000000	4.656992	-1.174208	0.000000	0.000000e+000	2.824296e-001
2090.000000	4.565371	-1.265829	0.000000	0.000000e+000	8.327538e-003
2100.000000	4.473751	-1.357449	0.000000	0.000000e+000	2.455404e-004
2110.000000	4.382130	-1.449070	0.000000	0.000000e+000	7.239848e-006
2120.000000	4.290510	-1.540690	0.000000	0.000000e+000	2.134695e-007
2130.000000	4.198890	-1.632310	0.000000	0.000000e+000	6.294224e-009
2140.000000	4.107269	-1.723931	0.000000	0.000000e+000	1.855875e-010
2150.000000	4.015649	-1.815551	0.000000	0.000000e+000	5.472112e-012
2160.000000	3.924028	-1.907172	0.000000	0.000000e+000	1.613472e-013
2170.000000	3.832408	-1.998792	0.000000	0.000000e+000	4.757380e-015
2180.000000	3.740788	-2.090412	0.000000	0.000000e+000	1.402730e-016
2190.000000	3.649167	-2.182033	0.000000	0.000000e+000	4.136001e-018
2200.000000	3.557547	-2.273653	0.000000	0.000000e+000	1.219515e-019
2210.000000	3.465926	-2.365274	0.000000	0.000000e+000	3.595782e-021
2220.000000	3.374306	-2.456894	0.000000	0.000000e+000	1.060229e-022
2230.000000	3.282686	-2.548514	0.000000	0.000000e+000	3.126124e-024
2240.000000	3.191065	-2.640135	0.000000	0.000000e+000	9.217488e-026
2250.000000	3.099445	-2.731755	0.000000	0.000000e+000	2.717809e-027
2260.000000	3.007824	-2.823376	0.000000	0.000000e+000	8.013558e-029
2270.000000	2.916204	-2.914996	0.000000	0.000000e+000	2.362826e-030
2280.000000	2.824584	-3.006616	0.000000	0.000000e+000	6.966877e-032
2290.000000	2.732963	-3.098237	0.000000	0.000000e+000	2.054209e-033
2300.000000	2.641343	-3.189857	0.000000	0.000000e+000	6.056908e-035
2310.000000	2.549722	-3.281478	0.000000	0.000000e+000	1.785901e-036
2320.000000	2.458102	-3.373098	0.000000	0.000000e+000	5.265792e-038
2330.000000	2.366482	-3.464718	0.000000	0.000000e+000	1.552638e-039
2340.000000	2.274861	-3.556339	0.000000	0.000000e+000	4.578008e-041
2350.000000	2.183241	-3.647959	0.000000	0.000000e+000	1.349842e-042
2360.000000	2.091620	-3.739580	0.000000	0.000000e+000	3.980057e-044
2370.000000	2.000000	-3.831200	0.000000	0.000000e+000	1.173534e-045
