x	Ec	Ev	Ef	n	p
0.000000	2.500000	-3.223500	0.000000	6.229408e-009	1.660711e-035
2.000000	2.452038	-3.271462	0.000000	1.070814e-010	2.625138e-036
4.000000	2.404583	-3.318917	0.000000	2.435314e-008	4.231331e-037
6.000000	2.357634	-3.365866	0.000000	1.023158e-007	6.954547e-038
8.000000	2.311193	-3.412307	0.000000	1.571303e-007	1.165541e-038
10.000000	2.265258	-3.458242	0.000000	1.008263e-007	1.991835e-039
12.000000	2.219831	-3.503669	0.000000	6.137329e-009	3.470930e-040
14.000000	2.174910	-3.548590	0.000000	4.866292e-008	6.167447e-041
16.000000	2.130496	-3.593004	0.000000	1.430961e-007	1.117460e-041
18.000000	2.086589	-3.636911	0.000000	9.842046e-008	2.064549e-042
20.000000	2.043189	-3.680311	0.000000	8.633704e-009	3.889425e-043
22.000000	2.000295	-3.723205	0.000000	3.626325e-008	7.471582e-044
24.000000	1.957909	-3.765591	0.000000	1.147418e-007	1.463547e-044
26.000000	1.916030	-3.807470	0.000000	1.496359e-007	2.923261e-045
28.000000	1.874657	-3.848843	0.000000	3.483266e-007	5.953818e-046
30.000000	1.833791	-3.889709	0.000000	1.266912e-006	1.236489e-046
32.000000	1.793433	-3.930067	0.000000	4.467210e-006	2.618497e-047
34.000000	1.753581	-3.969919	0.000000	1.517846e-005	5.654324e-048
36.000000	1.714236	-4.009264	0.000000	5.111447e-005	1.245020e-048
38.000000	1.675398	-4.048102	0.000000	1.695285e-004	2.795366e-049
40.000000	1.637066	-4.086434	0.000000	5.508751e-004	6.399826e-050
42.000000	1.599242	-4.124258	0.000000	1.754602e-003	1.494048e-050
44.000000	1.561925	-4.161575	0.000000	5.481070e-003	3.556540e-051
46.000000	1.525114	-4.198386	0.000000	1.679338e-002	8.632921e-052
48.000000	1.488811	-4.234689	0.000000	5.047434e-002	2.136756e-052
50.000000	1.453014	-4.270486	0.000000	1.488594e-001	5.392856e-053
52.000000	1.417724	-4.305776	0.000000	4.308961e-001	1.387873e-053
54.000000	1.382941	-4.340559	0.000000	1.224563e+000	3.642063e-054
56.000000	1.348665	-4.374835	0.000000	3.417663e+000	9.745680e-055
58.000000	1.314896	-4.408604	0.000000	9.370182e+000	2.659156e-055
60.000000	1.281633	-4.441867	0.000000	2.524469e+001	7.398476e-056
62.000000	1.248878	-4.474622	0.000000	6.685396e+001	2.098977e-056
64.000000	1.216629	-4.506871	0.000000	1.740799e+002	6.072116e-057
66.000000	1.184888	-4.538612	0.000000	4.458193e+002	1.791181e-057
68.000000	1.153653	-4.569847	0.000000	1.123248e+003	5.387727e-058
70.000000	1.122925	-4.600575	0.000000	2.784889e+003	1.652489e-058
72.000000	1.092704	-4.630796	0.000000	6.796024e+003	5.168192e-059
74.000000	1.062990	-4.660510	0.000000	1.632694e+004	1.648184e-059
76.000000	1.033783	-4.689717	0.000000	3.862192e+004	5.359687e-060
78.000000	1.005083	-4.718417	0.000000	8.997196e+004	1.777216e-060
80.000000	0.976889	-4.746611	0.000000	2.064326e+005	6.009078e-061
82.000000	0.949203	-4.774297	0.000000	4.665414e+005	2.071774e-061
84.000000	0.922023	-4.801477	0.000000	1.038667e+006	7.283564e-062
86.000000	0.895350	-4.828150	0.000000	2.278043e+006	2.611033e-062
88.000000	0.869184	-4.854316	0.000000	4.922268e+006	9.544379e-063
90.000000	0.843525	-4.879975	0.000000	1.047849e+007	3.557541e-063
92.000000	0.818373	-4.905127	0.000000	2.197712e+007	1.352132e-063
94.000000	0.793728	-4.929772	0.000000	4.541359e+007	5.240288e-064
96.000000	0.769590	-4.953910	0.000000	9.245840e+007	2.070895e-064
98.000000	0.745959	-4.977541	0.000000	1.854612e+008	8.345032e-065
100.000000	0.722834	-5.000666	0.000000	3.665266e+008	3.428979e-065
102.000000	0.700216	-5.023284	0.000000	7.136785e+008	1.436708e-065
104.000000	0.678106	-5.045394	0.000000	1.369124e+009	6.138174e-066
106.000000	0.656502	-5.066998	0.000000	2.587761e+009	2.674094e-066
108.000000	0.635405	-5.088095	0.000000	4.818868e+009	1.187904e-066
110.000000	0.614815	-5.108685	0.000000	8.841044e+009	5.380871e-067
112.000000	0.594732	-5.128768	0.000000	1.598078e+010	2.485369e-067
114.000000	0.575155	-5.148345	0.000000	2.845944e+010	1.170567e-067
116.000000	0.556086	-5.167414	0.000000	4.993291e+010	5.621707e-068
118.000000	0.537524	-5.185976	0.000000	8.631337e+010	2.753007e-068
120.000000	0.519468	-5.204032	0.000000	1.469935e+011	1.374717e-068
122.000000	0.501919	-5.221581	0.000000	2.466297e+011	6.999807e-069
124.000000	0.484878	-5.238622	0.000000	4.076790e+011	3.634342e-069
126.000000	0.468343	-5.255157	0.000000	6.639194e+011	1.924122e-069
128.000000	0.452315	-5.271185	0.000000	1.065209e+012	1.038738e-069
130.000000	0.436793	-5.286707	0.000000	1.683743e+012	5.718033e-070
132.000000	0.421779	-5.301721	0.000000	2.622020e+012	3.209624e-070
134.000000	0.407272	-5.316228	0.000000	4.022670e+012	1.837082e-070
136.000000	0.393271	-5.330229	0.000000	6.080080e+012	1.072185e-070
138.000000	0.379778	-5.343722	0.000000	9.053552e+012	6.380840e-071
140.000000	0.366791	-5.356709	0.000000	1.328134e+013	3.872156e-071
142.000000	0.354311	-5.369189	0.000000	1.919444e+013	2.396044e-071
144.000000	0.342338	-5.381162	0.000000	2.732861e+013	1.511832e-071
146.000000	0.330872	-5.392628	0.000000	3.833231e+013	9.727011e-072
148.000000	0.319913	-5.403587	0.000000	5.296803e+013	6.381488e-072
150.000000	0.309461	-5.414039	0.000000	7.210388e+013	4.269051e-072
152.000000	0.299516	-5.423984	0.000000	9.669246e+013	2.912109e-072
154.000000	0.290077	-5.433423	0.000000	1.277340e+014	2.025586e-072
156.000000	0.281145	-5.442355	0.000000	1.662219e+014	1.436681e-072
158.000000	0.272721	-5.450779	0.000000	2.130695e+014	1.039051e-072
160.000000	0.264803	-5.458697	0.000000	2.690204e+014	7.662664e-073
162.000000	0.257392	-5.466108	0.000000	3.345440e+014	5.762213e-073
164.000000	0.250488	-5.473012	0.000000	4.097244e+014	4.418403e-073
166.000000	0.244091	-5.479409	0.000000	4.941524e+014	3.454679e-073
168.000000	0.238200	-5.485300	0.000000	5.868324e+014	2.754332e-073
170.000000	0.232817	-5.490683	0.000000	6.861230e+014	2.239190e-073
172.000000	0.227940	-5.495560	0.000000	7.897312e+014	1.856229e-073
174.000000	0.223570	-5.499930	0.000000	8.947887e+014	1.569054e-073
176.000000	0.219707	-5.503793	0.000000	9.980466e+014	1.352415e-073
178.000000	0.216350	-5.507150	0.000000	1.096243e+015	1.188632e-073
180.000000	0.213501	-5.509999	0.000000	1.186737e+015	1.065247e-073
182.000000	0.211158	-5.512342	0.000000	1.268563e+015	9.734610e-074
184.000000	0.209322	-5.514178	0.000000	1.344224e+015	9.070930e-074
186.000000	0.207993	-5.515507	0.000000	1.422816e+015	8.618866e-074
188.000000	0.207171	-5.516329	0.000000	1.525657e+015	8.350516e-074
190.000000	0.206855	-5.516645	0.000000	1.696768e+015	8.249759e-074
192.000000	0.207046	-5.516454	0.000000	2.022806e+015	8.310627e-074
194.000000	0.207744	-5.515756	0.000000	2.671652e+015	8.536706e-074
196.000000	0.208949	-5.514551	0.000000	3.967900e+015	8.941492e-074
198.000000	0.210660	-5.512840	0.000000	6.541792e+015	9.549728e-074
200.000000	0.212877	-5.510623	0.000000	1.162499e+016	1.039991e-073
202.000000	0.215600	-5.507900	0.000000	2.164146e+016	1.154832e-073
204.000000	0.218829	-5.504671	0.000000	4.139500e+016	1.307508e-073
206.000000	0.222561	-5.500939	0.000000	8.047066e+016	1.509311e-073
208.000000	0.226792	-5.496708	0.000000	1.581224e+017	1.776095e-073
210.000000	0.601178	-5.678822	0.000000	3.386902e+017	1.612466e-076
210.100000	0.599011	-5.680989	0.000000	3.545926e+017	1.483555e-076
210.200000	0.596845	-5.683155	0.000000	3.713805e+017	1.364946e-076
210.300000	0.594678	-5.685322	0.000000	3.891004e+017	1.255816e-076
210.400000	0.592512	-5.687488	0.000000	4.078012e+017	1.155407e-076
210.500000	0.590345	-5.689655	0.000000	4.275344e+017	1.063023e-076
210.600000	0.588178	-5.691822	0.000000	4.483542e+017	9.780226e-077
210.700000	0.586011	-5.693989	0.000000	4.703175e+017	8.998155e-077
210.800000	0.583844	-5.696156	0.000000	4.934842e+017	8.278590e-077
210.900000	0.581677	-5.698323	0.000000	5.179173e+017	7.616536e-077
211.000000	0.579510	-5.700490	0.000000	5.436830e+017	7.007399e-077
211.100000	0.577342	-5.702658	0.000000	5.708510e+017	6.446948e-077
211.200000	0.575175	-5.704825	0.000000	5.994944e+017	5.931295e-077
211.300000	0.573007	-5.706993	0.000000	6.296901e+017	5.456859e-077
211.400000	0.570840	-5.709160	0.000000	6.615189e+017	5.020347e-077
211.500000	0.568672	-5.711328	0.000000	6.950657e+017	4.618728e-077
211.600000	0.566504	-5.713496	0.000000	7.304198e+017	4.249213e-077
211.700000	0.564336	-5.715664	0.000000	7.676747e+017	3.909238e-077
211.800000	0.562167	-5.717833	0.000000	8.069290e+017	3.596441e-077
211.900000	0.559999	-5.720001	0.000000	8.482859e+017	3.308651e-077
212.000000	0.557830	-5.722170	0.000000	8.918540e+017	3.043869e-077
212.100000	0.555661	-5.724339	0.000000	9.377472e+017	2.800256e-077
212.200000	0.553492	-5.726508	0.000000	9.860851e+017	2.576120e-077
212.300000	0.551323	-5.728677	0.000000	1.036993e+018	2.369906e-077
212.400000	0.549153	-5.730847	0.000000	1.090604e+018	2.180180e-077
212.500000	0.546984	-5.733016	0.000000	1.147054e+018	2.005625e-077
212.600000	0.544814	-5.735186	0.000000	1.206490e+018	1.845029e-077
212.700000	0.542643	-5.737357	0.000000	1.269064e+018	1.697275e-077
212.800000	0.540473	-5.739527	0.000000	1.334936e+018	1.561337e-077
212.900000	0.538302	-5.741698	0.000000	1.404272e+018	1.436271e-077
213.000000	0.536131	-5.743869	0.000000	1.477250e+018	1.321208e-077
213.100000	0.533959	-5.746041	0.000000	1.554053e+018	1.215349e-077
213.200000	0.531788	-5.748212	0.000000	1.634875e+018	1.117957e-077
213.300000	0.529616	-5.750384	0.000000	1.719918e+018	1.028355e-077
213.400000	0.527443	-5.752557	0.000000	1.809395e+018	9.459220e-078
213.500000	0.525270	-5.754730	0.000000	1.903529e+018	8.700837e-078
213.600000	0.523097	-5.756903	0.000000	2.002553e+018	8.003132e-078
213.700000	0.520923	-5.759077	0.000000	2.106713e+018	7.361254e-078
213.800000	0.518749	-5.761251	0.000000	2.216265e+018	6.770740e-078
213.900000	0.516575	-5.763425	0.000000	2.331477e+018	6.227484e-078
214.000000	0.514400	-5.765600	0.000000	2.452632e+018	5.727707e-078
214.100000	0.512224	-5.767776	0.000000	2.580026e+018	5.267934e-078
214.200000	0.510048	-5.769952	0.000000	2.713966e+018	4.844965e-078
214.300000	0.507871	-5.772129	0.000000	2.854777e+018	4.455858e-078
214.400000	0.505694	-5.774306	0.000000	3.002799e+018	4.097905e-078
214.500000	0.503516	-5.776484	0.000000	3.158386e+018	3.768615e-078
214.600000	0.501337	-5.778663	0.000000	3.321911e+018	3.465695e-078
214.700000	0.499158	-5.780842	0.000000	3.493763e+018	3.187038e-078
214.800000	0.496978	-5.783022	0.000000	3.674350e+018	2.930702e-078
214.900000	0.494797	-5.785203	0.000000	3.864099e+018	2.694903e-078
215.000000	0.492615	-5.787385	0.000000	4.063457e+018	2.477997e-078
215.100000	0.490433	-5.789567	0.000000	4.272891e+018	2.278474e-078
215.200000	0.488249	-5.791751	0.000000	4.492891e+018	2.094943e-078
215.300000	0.486065	-5.793935	0.000000	4.723969e+018	1.926124e-078
215.400000	0.483879	-5.796121	0.000000	4.966661e+018	1.770841e-078
215.500000	0.481693	-5.798307	0.000000	5.221526e+018	1.628011e-078
215.600000	0.479505	-5.800495	0.000000	5.489151e+018	1.496637e-078
215.700000	0.477316	-5.802684	0.000000	5.770150e+018	1.375802e-078
215.800000	0.475126	-5.804874	0.000000	6.065163e+018	1.264664e-078
215.900000	0.472935	-5.807065	0.000000	6.374860e+018	1.162446e-078
216.000000	0.470743	-5.809257	0.000000	6.699943e+018	1.068434e-078
216.100000	0.468548	-5.811452	0.000000	7.041144e+018	9.819718e-079
216.200000	0.466353	-5.813647	0.000000	7.399229e+018	9.024542e-079
216.300000	0.464156	-5.815844	0.000000	7.774999e+018	8.293256e-079
216.400000	0.461957	-5.818043	0.000000	8.169289e+018	7.620744e-079
216.500000	0.459756	-5.820244	0.000000	8.582974e+018	7.002298e-079
216.600000	0.457554	-5.822446	0.000000	9.016968e+018	6.433590e-079
216.700000	0.455350	-5.824650	0.000000	9.472223e+018	5.910635e-079
216.800000	0.453144	-5.826856	0.000000	9.949738e+018	5.429768e-079
216.900000	0.450935	-5.829065	0.000000	1.045055e+019	4.987616e-079
217.000000	0.448725	-5.831275	0.000000	1.097575e+019	4.581078e-079
217.100000	0.446512	-5.833488	0.000000	1.152647e+019	4.207299e-079
217.200000	0.444296	-5.835704	0.000000	1.210390e+019	3.863653e-079
217.300000	0.442078	-5.837922	0.000000	1.270927e+019	3.547724e-079
217.400000	0.439858	-5.840142	0.000000	1.334387e+019	3.257290e-079
217.500000	0.437634	-5.842366	0.000000	1.400905e+019	2.990306e-079
217.600000	0.435408	-5.844592	0.000000	1.470622e+019	2.744891e-079
217.700000	0.433178	-5.846822	0.000000	1.543684e+019	2.519314e-079
217.800000	0.430945	-5.849055	0.000000	1.620245e+019	2.311984e-079
217.900000	0.428709	-5.851291	0.000000	1.700463e+019	2.121434e-079
218.000000	0.426469	-5.853531	0.000000	1.784507e+019	1.946319e-079
218.100000	0.424225	-5.855775	0.000000	1.872548e+019	1.785398e-079
218.200000	0.421977	-5.858023	0.000000	1.964768e+019	1.637532e-079
218.300000	0.419725	-5.860275	0.000000	2.061356e+019	1.501670e-079
218.400000	0.417469	-5.862531	0.000000	2.162509e+019	1.376848e-079
218.500000	0.415208	-5.864792	0.000000	2.268431e+019	1.262179e-079
218.600000	0.412942	-5.867058	0.000000	2.379337e+019	1.156845e-079
218.700000	0.410672	-5.869328	0.000000	2.495449e+019	1.060095e-079
218.800000	0.408395	-5.871605	0.000000	2.616999e+019	9.712384e-080
218.900000	0.406114	-5.873886	0.000000	2.744228e+019	8.896393e-080
219.000000	0.403826	-5.876174	0.000000	2.877389e+019	8.147130e-080
219.100000	0.401533	-5.878467	0.000000	3.016743e+019	7.459214e-080
219.200000	0.399233	-5.880767	0.000000	3.162564e+019	6.827700e-080
219.300000	0.396926	-5.883074	0.000000	3.315135e+019	6.248034e-080
219.400000	0.394612	-5.885388	0.000000	3.474752e+019	5.716032e-080
219.500000	0.392291	-5.887709	0.000000	3.641723e+019	5.227842e-080
219.600000	0.389962	-5.890038	0.000000	3.816368e+019	4.779924e-080
219.700000	0.387625	-5.892375	0.000000	3.999021e+019	4.369019e-080
219.800000	0.385280	-5.894720	0.000000	4.190027e+019	3.992132e-080
219.900000	0.382925	-5.897075	0.000000	4.389748e+019	3.646506e-080
220.000000	-0.435499	-5.486999	0.000000	3.793811e+019	2.580120e-073
230.000000	-0.176009	-5.227509	0.000000	7.346684e+019	5.572574e-069
240.000000	-0.070198	-5.121698	0.000000	2.457066e+019	3.262076e-067
250.000000	-0.015786	-5.067286	0.000000	6.476552e+018	2.644659e-066
260.000000	0.025077	-5.026423	0.000000	1.990360e+018	1.273282e-065
270.000000	0.061775	-4.989725	0.000000	6.441814e+017	5.223055e-065
280.000000	0.097126	-4.954374	0.000000	1.940720e+017	2.034290e-064
290.000000	0.132071	-4.919429	0.000000	5.450078e+016	7.800442e-064
300.000000	0.166902	-4.884598	0.000000	1.472389e+016	2.977974e-063
310.000000	0.201702	-4.849798	0.000000	3.909352e+015	1.135555e-062
320.000000	0.236494	-4.815006	0.000000	1.030463e+015	4.328710e-062
330.000000	0.271284	-4.780216	0.000000	2.708182e+014	1.649958e-061
340.000000	0.306073	-4.745427	0.000000	7.109354e+013	6.288948e-061
350.000000	0.340862	-4.710638	0.000000	1.865555e+013	2.397069e-060
360.000000	0.375651	-4.675849	0.000000	4.894740e+012	9.136554e-060
370.000000	0.410440	-4.641060	0.000000	1.284204e+012	3.482444e-059
380.000000	0.445229	-4.606271	0.000000	3.369254e+011	1.327351e-058
390.000000	0.480017	-4.571483	0.000000	8.839589e+010	5.059265e-058
400.000000	0.514806	-4.536694	0.000000	2.319156e+010	1.928364e-057
410.000000	0.549595	-4.501905	0.000000	6.084542e+009	7.350058e-057
420.000000	0.584384	-4.467116	0.000000	1.596340e+009	2.801512e-056
430.000000	0.619173	-4.432327	0.000000	4.188166e+008	1.067810e-055
440.000000	0.653962	-4.397538	0.000000	1.098793e+008	4.070012e-055
450.000000	0.688751	-4.362749	0.000000	2.882772e+007	1.551306e-054
460.000000	0.723540	-4.327960	0.000000	7.562393e+006	5.912880e-054
470.000000	0.758329	-4.293171	0.000000	1.983936e+006	2.253724e-053
480.000000	0.793118	-4.258382	0.000000	5.201331e+005	8.590181e-053
490.000000	0.827907	-4.223593	0.000000	1.363648e+005	3.274191e-052
500.000000	0.862696	-4.188804	0.000000	3.554727e+004	1.247974e-051
510.000000	0.897485	-4.154015	0.000000	8.808272e+003	4.756717e-051
520.000000	0.932274	-4.119226	0.000000	1.927813e+003	1.813047e-050
530.000000	0.967063	-4.084437	0.000000	3.527746e+002	6.910518e-050
540.000000	1.001852	-4.049648	0.000000	5.280103e+001	2.633979e-049
550.000000	1.036640	-4.014860	0.000000	6.460880e+000	1.003954e-048
560.000000	1.071429	-3.980071	0.000000	6.522521e-001	3.826622e-048
570.000000	1.106218	-3.945282	0.000000	5.499817e-002	1.458536e-047
580.000000	1.141007	-3.910493	0.000000	3.922426e-003	5.559284e-047
590.000000	1.175796	-3.875704	0.000000	2.394194e-004	2.118949e-046
600.000000	1.210585	-3.840915	0.000000	1.264161e-005	8.076481e-046
610.000000	1.245374	-3.806126	0.000000	5.829484e-007	3.078391e-045
620.000000	1.280163	-3.771337	0.000000	2.367732e-008	1.173344e-044
630.000000	1.314952	-3.736548	0.000000	8.534835e-010	4.472261e-044
640.000000	1.349741	-3.701759	0.000000	2.748858e-011	1.704625e-043
650.000000	1.384530	-3.666970	0.000000	7.958555e-013	6.497263e-043
660.000000	1.419319	-3.632181	0.000000	2.082612e-014	2.476464e-042
670.000000	1.454108	-3.597392	0.000000	4.950117e-016	9.439168e-042
680.000000	1.488897	-3.562603	0.000000	1.073491e-017	3.597786e-041
690.000000	1.523686	-3.527814	0.000000	2.132693e-019	1.371314e-040
700.000000	1.558474	-3.493026	0.000000	3.896064e-021	5.226834e-040
710.000000	1.593263	-3.458237	0.000000	6.567191e-023	1.992234e-039
720.000000	1.628052	-3.423448	0.000000	1.024613e-024	7.593500e-039
730.000000	1.662841	-3.388659	0.000000	1.484000e-026	2.894301e-038
740.000000	1.697630	-3.353870	0.000000	2.000674e-028	1.103177e-037
750.000000	1.732419	-3.319081	0.000000	2.516975e-030	4.204816e-037
760.000000	1.767208	-3.284292	0.000000	2.961819e-032	1.602687e-036
770.000000	1.801997	-3.249503	0.000000	3.267125e-034	6.108721e-036
780.000000	1.836786	-3.214714	0.000000	3.385244e-036	2.328370e-035
790.000000	1.871575	-3.179925	0.000000	3.301155e-038	8.874698e-035
800.000000	1.906364	-3.145136	0.000000	3.035135e-040	3.382636e-034
810.000000	1.941153	-3.110347	0.000000	2.635513e-042	1.289309e-033
820.000000	1.975942	-3.075558	0.000000	2.164833e-044	4.914264e-033
830.000000	2.010731	-3.040769	0.000000	1.684668e-046	1.873097e-032
840.000000	2.045520	-3.005980	0.000000	1.243823e-048	7.139402e-032
850.000000	2.080309	-2.971191	0.000000	8.724655e-051	2.721219e-031
860.000000	2.115097	-2.936403	0.000000	5.821625e-053	1.037206e-030
870.000000	2.149886	-2.901614	0.000000	3.699813e-055	3.953364e-030
880.000000	2.184675	-2.866825	0.000000	2.242139e-057	1.506844e-029
890.000000	2.219464	-2.832036	0.000000	1.297107e-059	5.743414e-029
900.000000	2.254253	-2.797247	0.000000	7.171025e-062	2.189131e-028
910.000000	2.289042	-2.762458	0.000000	3.792443e-064	8.343983e-028
920.000000	2.323831	-2.727669	0.000000	1.920486e-066	3.180351e-027
930.000000	2.358620	-2.692880	0.000000	9.320942e-069	1.212207e-026
940.000000	2.393409	-2.658091	0.000000	4.339621e-071	4.620387e-026
950.000000	2.428198	-2.623302	0.000000	1.939790e-073	1.761084e-025
960.000000	2.462987	-2.588513	0.000000	8.331582e-076	6.712459e-025
970.000000	2.497776	-2.553724	0.000000	3.441207e-078	2.558488e-024
980.000000	2.532565	-2.518935	0.000000	1.367828e-080	9.751804e-024
990.000000	2.567354	-2.484146	0.000000	5.236330e-083	3.716949e-023
1000.000000	2.602143	-2.449357	0.000000	1.931557e-085	1.416734e-022
1010.000000	2.636932	-2.414568	0.000000	6.871651e-088	5.399952e-022
1020.000000	2.671720	-2.379780	0.000000	2.359479e-090	2.058219e-021
1030.000000	2.706509	-2.344991	0.000000	7.822767e-093	7.845005e-021
1040.000000	2.741298	-2.310202	0.000000	2.505297e-095	2.990163e-020
1050.000000	2.776087	-2.275413	0.000000	7.774181e-098	1.139716e-019
1060.000000	2.810876	-2.240624	0.000000	2.307977e-100	4.344084e-019
1070.000000	2.845665	-2.205835	0.000000	6.748229e-103	1.655769e-018
1080.000000	2.880454	-2.171046	0.000000	1.927407e-105	6.311048e-018
1090.000000	2.915243	-2.136257	0.000000	5.137077e-108	2.405488e-017
1100.000000	2.950032	-2.101468	0.000000	1.364219e-110	9.168637e-017
1110.000000	2.984821	-2.066679	0.000000	3.562861e-113	3.494672e-016
1120.000000	3.019610	-2.031890	0.000000	8.479376e-116	1.332012e-015
1130.000000	3.054399	-1.997101	0.000000	1.948224e-118	5.077030e-015
1140.000000	3.089188	-1.962312	0.000000	6.175850e-121	1.935136e-014
1150.000000	3.123977	-1.927523	0.000000	1.118147e-123	7.375867e-014
1160.000000	3.158766	-1.892734	0.000000	2.998394e-126	2.811349e-013
1170.000000	3.193554	-1.857946	0.000000	7.953897e-128	1.071560e-012
1180.000000	3.228343	-1.823157	0.000000	1.265841e-131	4.084303e-012
1190.000000	3.263132	-1.788368	0.000000	1.674991e-133	1.556753e-011
1200.000000	3.297921	-1.753579	0.000000	6.289737e-137	5.933642e-011
1210.000000	3.332710	-1.718790	0.000000	6.387948e-139	2.261637e-010
1220.000000	3.367499	-1.684001	0.000000	3.249250e-141	8.620344e-010
1230.000000	3.402288	-1.649212	0.000000	2.546076e-142	3.285688e-009
1240.000000	3.437077	-1.614423	0.000000	2.971859e-144	1.252356e-008
1250.000000	3.471866	-1.579634	0.000000	3.636177e-148	4.773419e-008
1260.000000	3.506655	-1.544845	0.000000	1.015020e-151	1.819413e-007
1270.000000	3.541444	-1.510056	0.000000	1.927049e-152	6.934783e-007
1280.000000	3.576233	-1.475267	0.000000	1.097530e-154	2.643227e-006
1290.000000	3.611022	-1.440478	0.000000	4.251217e-158	1.007479e-005
1300.000000	3.645811	-1.405689	0.000000	1.996433e-163	3.840058e-005
1310.000000	3.680600	-1.370900	0.000000	7.822862e-163	1.463658e-004
1320.000000	3.715389	-1.336111	0.000000	7.766902e-166	5.578804e-004
1330.000000	3.750177	-1.301323	0.000000	7.142753e-168	2.126389e-003
1340.000000	3.784966	-1.266534	0.000000	2.111099e-170	8.104840e-003
1350.000000	3.819755	-1.231745	0.000000	1.637912e-173	3.089201e-002
1360.000000	3.854544	-1.196956	0.000000	4.269830e-178	1.177464e-001
1370.000000	3.889333	-1.162167	0.000000	2.398709e-179	4.487964e-001
1380.000000	3.924122	-1.127378	0.000000	2.208814e-181	1.710610e+000
1390.000000	3.958911	-1.092589	0.000000	4.201468e-184	6.520077e+000
1400.000000	3.993700	-1.057800	0.000000	1.217450e-187	2.485160e+001
1410.000000	4.028489	-1.023011	0.000000	1.402883e-191	9.472312e+001
1420.000000	4.063278	-0.988222	0.000000	2.647698e-191	3.610419e+002
1430.000000	4.098067	-0.953433	0.000000	8.141482e-195	1.376130e+003
1440.000000	4.132856	-0.918644	0.000000	1.648931e-196	5.245187e+003
1450.000000	4.167645	-0.883855	0.000000	6.752061e-201	1.999229e+004
1460.000000	4.202434	-0.849066	0.000000	3.048093e-204	7.620163e+004
1470.000000	4.237223	-0.814277	0.000000	1.791593e-204	2.904464e+005
1480.000000	4.272012	-0.779488	0.000000	4.313580e-208	1.107051e+006
1490.000000	4.306800	-0.744700	0.000000	1.492965e-210	4.219580e+006
1500.000000	4.341589	-0.709911	0.000000	5.881602e-214	1.608314e+007
1510.000000	4.376378	-0.675122	0.000000	3.505173e-216	6.130170e+007
1520.000000	4.411167	-0.640333	0.000000	1.377579e-219	2.336545e+008
1530.000000	4.445956	-0.605544	0.000000	2.110440e-221	8.905860e+008
1540.000000	4.480745	-0.570755	0.000000	1.560602e-224	3.394513e+009
1550.000000	4.515534	-0.535966	0.000000	2.774862e-227	1.293836e+010
1560.000000	4.550323	-0.501177	0.000000	1.143932e-230	4.931520e+010
1570.000000	4.585112	-0.466388	0.000000	9.270329e-235	1.879674e+011
1580.000000	4.619901	-0.431599	0.000000	7.608641e-236	7.164471e+011
1590.000000	4.654690	-0.396810	0.000000	1.284396e-240	2.730774e+012
1600.000000	4.689479	-0.362021	0.000000	3.926420e-241	1.040849e+013
1610.000000	4.724268	-0.327232	0.000000	4.309176e-247	3.967251e+013
1620.000000	4.759057	-0.292443	0.000000	4.602380e-248	1.512144e+014
1630.000000	4.793846	-0.257654	0.000000	1.582067e-250	5.763709e+014
1640.000000	4.828637	-0.222863	0.000000	1.399312e-254	2.197005e+015
1650.000000	4.863432	-0.188068	0.000000	1.422196e-256	8.376002e+015
1660.000000	4.898245	-0.153255	0.000000	5.391029e-261	3.195474e+016
1670.000000	4.933124	-0.118376	0.000000	2.012458e-263	1.222224e+017
1680.000000	4.968259	-0.083241	0.000000	1.370632e-266	4.721044e+017
1690.000000	5.004383	-0.047117	0.000000	7.018682e-269	1.894203e+018
1700.000000	5.044469	-0.007031	0.000000	2.442379e-271	8.851590e+018
1710.000000	5.103078	0.051578	0.000000	1.407838e-274	8.433315e+019
1720.000000	5.856094	0.024894	0.000000	3.600697e-276	3.021926e+019
1725.000000	5.826070	-0.005130	0.000000	3.743849e-279	9.522914e+018
1730.000000	5.801081	-0.030119	0.000000	4.691097e-281	3.642194e+018
1735.000000	5.778018	-0.053182	0.000000	8.883609e-283	1.500115e+018
1740.000000	5.755748	-0.075452	0.000000	7.644333e-285	6.369935e+017
1745.000000	5.733815	-0.097385	0.000000	1.797492e-289	2.740132e+017
1750.000000	5.712027	-0.119173	0.000000	2.631931e-286	1.185300e+017
1755.000000	5.690301	-0.140899	0.000000	2.399464e-289	5.139627e+016
1760.000000	5.668603	-0.162597	0.000000	3.097915e-290	2.230946e+016
1765.000000	5.646916	-0.184284	0.000000	2.881639e-292	9.688209e+015
1770.000000	5.625234	-0.205966	0.000000	3.903887e-295	4.208075e+015
1775.000000	5.603555	-0.227645	0.000000	3.302031e-292	1.827935e+015
1780.000000	5.581877	-0.249323	0.000000	4.516574e-302	7.940613e+014
1785.000000	5.560199	-0.271001	0.000000	2.064071e-296	3.449486e+014
1790.000000	5.538521	-0.292679	0.000000	3.636211e-298	1.498504e+014
1795.000000	5.516844	-0.314356	0.000000	2.134888e-299	6.509723e+013
1800.000000	5.495166	-0.336034	0.000000	8.193598e-299	2.827924e+013
1805.000000	5.473488	-0.357712	0.000000	5.133696e-301	1.228495e+013
1810.000000	5.451811	-0.379389	0.000000	4.406800e-302	5.336776e+012
1815.000000	5.430133	-0.401067	0.000000	3.925837e-303	2.318380e+012
1820.000000	5.408456	-0.422744	0.000000	6.275856e-306	1.007141e+012
1825.000000	5.386778	-0.444422	0.000000	2.161810e-307	4.375182e+011
1830.000000	5.365100	-0.466100	0.000000	1.134630e-308	1.900649e+011
1835.000000	5.343423	-0.487777	0.000000	5.484237e-311	8.256720e+010
1840.000000	5.321745	-0.509455	0.000000	2.926833e-314	3.586851e+010
1845.000000	5.300068	-0.531132	0.000000	1.578213e-311	1.558185e+010
1850.000000	5.278390	-0.552810	0.000000	3.578329e-316	6.769004e+009
1855.000000	5.256713	-0.574487	0.000000	1.467721e-319	2.940563e+009
1860.000000	5.235035	-0.596165	0.000000	1.073170e-316	1.277427e+009
1865.000000	5.213357	-0.617843	0.000000	6.855655e-320	5.549348e+008
1870.000000	5.191680	-0.639520	0.000000	6.319100e-321	2.410725e+008
1875.000000	5.170002	-0.661198	0.000000	6.422853e-323	1.047257e+008
1880.000000	5.148325	-0.682875	0.000000	0.000000e+000	4.549453e+007
1885.000000	5.126647	-0.704553	0.000000	0.000000e+000	1.976355e+007
1890.000000	5.104970	-0.726230	0.000000	0.000000e+000	8.585600e+006
1895.000000	5.083292	-0.747908	0.000000	0.000000e+000	3.729721e+006
1900.000000	5.061614	-0.769586	0.000000	0.000000e+000	1.620250e+006
1905.000000	5.039937	-0.791263	0.000000	0.000000e+000	7.038625e+005
1910.000000	5.018259	-0.812941	0.000000	0.000000e+000	3.057691e+005
1915.000000	4.996582	-0.834618	0.000000	0.000000e+000	1.328310e+005
1920.000000	4.974904	-0.856296	0.000000	0.000000e+000	5.770388e+004
1925.000000	4.953227	-0.877973	0.000000	0.000000e+000	2.506749e+004
1930.000000	4.931549	-0.899651	0.000000	0.000000e+000	1.088972e+004
1935.000000	4.909871	-0.921329	0.000000	0.000000e+000	4.730666e+003
1940.000000	4.888194	-0.943006	0.000000	0.000000e+000	2.055076e+003
1945.000000	4.866516	-0.964684	0.000000	0.000000e+000	8.927579e+002
1950.000000	4.844839	-0.986361	0.000000	0.000000e+000	3.878283e+002
1955.000000	4.823161	-1.008039	0.000000	0.000000e+000	1.684788e+002
1960.000000	4.801484	-1.029716	0.000000	0.000000e+000	7.318986e+001
1965.000000	4.779806	-1.051394	0.000000	0.000000e+000	3.179484e+001
1970.000000	4.758128	-1.073072	0.000000	0.000000e+000	1.381219e+001
1975.000000	4.736451	-1.094749	0.000000	0.000000e+000	6.000233e+000
1980.000000	4.714773	-1.116427	0.000000	0.000000e+000	2.606597e+000
1985.000000	4.693096	-1.138104	0.000000	0.000000e+000	1.132347e+000
1990.000000	4.671418	-1.159782	0.000000	0.000000e+000	4.919096e-001
1995.000000	4.649741	-1.181459	0.000000	0.000000e+000	2.136934e-001
2000.000000	4.628063	-1.203137	0.000000	0.000000e+000	9.283180e-002
2005.000000	4.606385	-1.224815	0.000000	0.000000e+000	4.032761e-002
2010.000000	4.584708	-1.246492	0.000000	0.000000e+000	1.751896e-002
2015.000000	4.563030	-1.268170	0.000000	0.000000e+000	7.610514e-003
2020.000000	4.541353	-1.289847	0.000000	0.000000e+000	3.306128e-003
2025.000000	4.519675	-1.311525	0.000000	0.000000e+000	1.436235e-003
2030.000000	4.497997	-1.333203	0.000000	0.000000e+000	6.239233e-004
2035.000000	4.476320	-1.354880	0.000000	0.000000e+000	2.710422e-004
2040.000000	4.454642	-1.376558	0.000000	0.000000e+000	1.177450e-004
2045.000000	4.432965	-1.398235	0.000000	0.000000e+000	5.115032e-005
2050.000000	4.411287	-1.419913	0.000000	0.000000e+000	2.222052e-005
2055.000000	4.389610	-1.441590	0.000000	0.000000e+000	9.652946e-006
2060.000000	4.367932	-1.463268	0.000000	0.000000e+000	4.193393e-006
2065.000000	4.346254	-1.484946	0.000000	0.000000e+000	1.821677e-006
2070.000000	4.324577	-1.506623	0.000000	0.000000e+000	7.913654e-007
2075.000000	4.302899	-1.528301	0.000000	0.000000e+000	3.437817e-007
2080.000000	4.281222	-1.549978	0.000000	0.000000e+000	1.493443e-007
2085.000000	4.259544	-1.571656	0.000000	0.000000e+000	6.487752e-008
2090.000000	4.237867	-1.593333	0.000000	0.000000e+000	2.818383e-008
2095.000000	4.216189	-1.615011	0.000000	0.000000e+000	1.224350e-008
2100.000000	4.194511	-1.636689	0.000000	0.000000e+000	5.318773e-009
2105.000000	4.172834	-1.658366	0.000000	0.000000e+000	2.310560e-009
2110.000000	4.151156	-1.680044	0.000000	0.000000e+000	1.003744e-009
2115.000000	4.129479	-1.701721	0.000000	0.000000e+000	4.360423e-010
2120.000000	4.107801	-1.723399	0.000000	0.000000e+000	1.894237e-010
2125.000000	4.086124	-1.745076	0.000000	0.000000e+000	8.228869e-011
2130.000000	4.064446	-1.766754	0.000000	0.000000e+000	3.574752e-011
2135.000000	4.042768	-1.788432	0.000000	0.000000e+000	1.552929e-011
2140.000000	4.021091	-1.810109	0.000000	0.000000e+000	6.746171e-012
2145.000000	3.999413	-1.831787	0.000000	0.000000e+000	2.930644e-012
2150.000000	3.977736	-1.853464	0.000000	0.000000e+000	1.273118e-012
2155.000000	3.956058	-1.875142	0.000000	0.000000e+000	5.530629e-013
2160.000000	3.934381	-1.896819	0.000000	0.000000e+000	2.402593e-013
2165.000000	3.912703	-1.918497	0.000000	0.000000e+000	1.043725e-013
2170.000000	3.891025	-1.940175	0.000000	0.000000e+000	4.534107e-014
2175.000000	3.869348	-1.961852	0.000000	0.000000e+000	1.969688e-014
2180.000000	3.847670	-1.983530	0.000000	0.000000e+000	8.556639e-015
2185.000000	3.825993	-2.005207	0.000000	0.000000e+000	3.717140e-015
2190.000000	3.804315	-2.026885	0.000000	0.000000e+000	1.614785e-015
2195.000000	3.782638	-2.048562	0.000000	0.000000e+000	7.014882e-016
2200.000000	3.760960	-2.070240	0.000000	0.000000e+000	3.047377e-016
2205.000000	3.739282	-2.091918	0.000000	0.000000e+000	1.323829e-016
2210.000000	3.717605	-2.113595	0.000000	0.000000e+000	5.750924e-017
2215.000000	3.695927	-2.135273	0.000000	0.000000e+000	2.498293e-017
2220.000000	3.674250	-2.156950	0.000000	0.000000e+000	1.085298e-017
2225.000000	3.652572	-2.178628	0.000000	0.000000e+000	4.714708e-018
2230.000000	3.630895	-2.200305	0.000000	0.000000e+000	2.048144e-018
2235.000000	3.609217	-2.221983	0.000000	0.000000e+000	8.897465e-019
2240.000000	3.587539	-2.243661	0.000000	0.000000e+000	3.865200e-019
2245.000000	3.565862	-2.265338	0.000000	0.000000e+000	1.679105e-019
2250.000000	3.544184	-2.287016	0.000000	0.000000e+000	7.294297e-020
2255.000000	3.522507	-2.308693	0.000000	0.000000e+000	3.168759e-020
2260.000000	3.500829	-2.330371	0.000000	0.000000e+000	1.376559e-020
2265.000000	3.479151	-2.352049	0.000000	0.000000e+000	5.979993e-021
2270.000000	3.457474	-2.373726	0.000000	0.000000e+000	2.597804e-021
2275.000000	3.435796	-2.395404	0.000000	0.000000e+000	1.128527e-021
2280.000000	3.414119	-2.417081	0.000000	0.000000e+000	4.902503e-022
2285.000000	3.392441	-2.438759	0.000000	0.000000e+000	2.129725e-022
2290.000000	3.370764	-2.460436	0.000000	0.000000e+000	9.251866e-023
2295.000000	3.349086	-2.482114	0.000000	0.000000e+000	4.019158e-023
2300.000000	3.327408	-2.503792	0.000000	0.000000e+000	1.745986e-023
2305.000000	3.305731	-2.525469	0.000000	0.000000e+000	7.584842e-024
2310.000000	3.284053	-2.547147	0.000000	0.000000e+000	3.294976e-024
2315.000000	3.262376	-2.568824	0.000000	0.000000e+000	1.431390e-024
2320.000000	3.240698	-2.590502	0.000000	0.000000e+000	6.218186e-025
2325.000000	3.219021	-2.612179	0.000000	0.000000e+000	2.701279e-025
2330.000000	3.197343	-2.633857	0.000000	0.000000e+000	1.173479e-025
2335.000000	3.175665	-2.655535	0.000000	0.000000e+000	5.097778e-026
2340.000000	3.153988	-2.677212	0.000000	0.000000e+000	2.214556e-026
2345.000000	3.132310	-2.698890	0.000000	0.000000e+000	9.620384e-027
2350.000000	3.110633	-2.720567	0.000000	0.000000e+000	4.179248e-027
2355.000000	3.088955	-2.742245	0.000000	0.000000e+000	1.815532e-027
2360.000000	3.067278	-2.763922	0.000000	0.000000e+000	7.886959e-028
2365.000000	3.045600	-2.785600	0.000000	0.000000e+000	3.426221e-028
